TEXAS                                                                           
K                   STRE   1    3.        1.
K                   STRE   2    4.        1.
K                   STRE   3    5.        2.
K                   STRE   4    5.        3.
K                   STRE   5    6.        2.
K                   STRE   6    6.        4.
K                   STRE   7    7.        2.
K                   STRE   8    8.        5.
K                   STRE   9    9.        6.
K          1.0000000BEND  10     4.        3.        1.
          -0.5000000BEND         1.        5.        3.
          -0.5000000BEND         3.        2.        5.
           1.0000000BEND         5.        6.        2.
          -0.5000000BEND         2.        4.        6.
          -0.5000000BEND         6.        1.        4.
K          0.8660254BEND  11     1.        5.        3.
          -0.8660254BEND         3.        2.        5.
           0.8660254BEND         2.        4.        6.
          -0.8660254BEND         6.        1.        4.
K          1.0000000BEND  12     4.        3.        1.
          -1.0000000BEND         1.        5.        3.
           1.0000000BEND         3.        2.        5.
          -1.0000000BEND         5.        6.        2.
           1.0000000BEND         2.        4.        6.
          -1.0000000BEND         6.        1.        4.
K          1.5000000TORS  13     4.        1.        3.        5.
          -1.5000000TORS         3.        5.        2.        6.
           1.5000000TORS         5.        2.        6.        4.
          -1.5000000TORS         6.        4.        1.        3.
K         -0.8660254TORS  14     4.        1.        3.        5.
           1.7320508TORS         1.        3.        5.        2.
          -0.8660254TORS         3.        5.        2.        6.
          -0.8660254TORS         5.        2.        6.        4.
           1.7320508TORS         2.        6.        4.        1.
          -0.8660254TORS         6.        4.        1.        3.
K         -2.0000000TORS  15     4.        1.        3.        5.
           2.0000000TORS         1.        3.        5.        2.
          -2.0000000TORS         3.        5.        2.        6.
           2.0000000TORS         5.        2.        6.        4.
          -2.0000000TORS         2.        6.        4.        1.
           2.0000000TORS         6.        4.        1.        3.
K            1.     BEND  16     5.        7.        2.
            -1.     BEND         6.        7.        2.
K            1.     OUT   17     7.        5.        6.        2.
K            1.     BEND  18     2.        8.        5.
            -1.     BEND         3.        8.        5.
K            1.     OUT   19     8.        2.        3.        5.
K            1.     BEND  20     2.        9.        6.
            -1.     BEND         4.        9.        6.
K            1.     OUT   21     9.        2.        4.        6.
  0.99E+01  0.99E+01  0.76E+01  0.80E+01  0.76E+01  0.80E+01  0.55E+01  0.55E+01
  0.55E+01  0.14E+01  0.14E+01  0.15E+01  0.43E+00  0.43E+00  0.56E+00  0.10E+01
  0.10E+01  0.10E+01  0.10E+01  0.10E+01  0.10E+01
