 2mocoef
header
                     4
MO-coefficients from mcscf.x                                                    
 with dummy occupation 1.0 for active orbitals                                  
 total ao core energy =  188.345038800                                          
MCSCF energy =    -245.498329859                                                
                     4
                    41                    16                    31
                    11                    41                    16
                    31                    11
 A1   B1   B2   A2 
mocoef
(1p3d25.15)                             
    1.001404105479213D+00    6.785737963040401D-03   -1.076020864568674D-02
   -2.924683884071830D-03    4.110916736436546D-03   -1.218068505727868D-06
   -1.900919858776771D-04   -1.784595145464530D-04   -6.383182598564136D-04
    4.150590079939503D-03   -8.695180074996024D-05    1.711319349372986D-03
    3.060468415197462D-05   -1.806694475335034D-05    7.286010007733703D-05
   -1.063154151448999D-04    3.918049329061123D-03   -7.348264036138422D-05
   -1.918290804384510D-04   -2.027445374407980D-03    3.299822402803592D-05
    5.132702659332013D-04   -6.401706032995469D-06    1.227198336570116D-04
    7.574611927523605D-05    2.378109184982562D-04   -2.801192339431642D-03
    5.813294472437022D-05   -7.349903043069038D-05    2.030902227462473D-03
   -3.318390650089817D-04    1.604319842081841D-04    1.115562718708981D-05
   -4.441762472027504D-06   -1.161219771786144D-04    4.551536743218397D-04
   -6.318836253258710D-05   -1.275700980708530D-04   -4.011519651493661D-04
   -9.278338536286793D-05   -1.750387807067747D-05
   -2.117178525518913D-04    1.131292256297522D-03   -4.025549408738823D-03
    2.475181706066091D-04    1.243180684144060D-03    3.329181238770704D-05
    3.183614673126044D-04    4.838146741486247D-04   -5.794571509450444D-04
    3.148756335618611D-03   -3.520052882836944D-05    1.297027343721121D-03
   -1.424968379969406D-05   -1.471014530599088D-04    7.077137544926456D-01
    4.563139058916918D-03   -3.069150918178286D-03   -1.743775765163989D-03
   -2.453999767787698D-04   -2.205572407067643D-04    1.121871006286202D-03
   -7.295025652125038D-04    5.556444144740511D-05   -2.235461264620436D-04
    1.395570310409054D-02   -2.747661082846655D-04    3.995495230486192D-05
    8.182228714233011D-05   -3.491850321429835D-05    8.892395277183578D-04
    9.746106947499462D-04   -3.104832638964838D-04   -5.426187179176223D-05
    6.010632789737447D-05    1.434321481542822D-04    3.971547736759652D-04
    8.588846362004991D-06   -1.999582712507625D-04    2.970614891788644D-04
   -3.755684267250182D-05    5.382264807953024D-05
   -2.183677359426296D-05   -1.027404471024337D-04    1.237620893172278D-04
    3.664670442106034D-05    7.947749408986826D-05   -1.053875509703579D-06
   -1.509392897047747D-06    9.981109203740079D-01    8.899974681197187D-03
   -1.136659605532497D-02   -2.924095069673686D-06   -1.709013904189371D-03
    1.182161214956158D-04   -2.028067584611882D-04   -1.720671250099081D-03
   -3.265362161831948D-04    5.570839601211801D-04   -4.867166445355130D-05
   -1.014167870410912D-06    9.753209886458129D-05   -2.752643849065423D-04
    3.394025408804516D-05    1.425458389290870D-05   -3.273522081975794D-05
    5.812959705515588D-02   -1.249616408796636D-04    2.050106947310022D-03
    1.031822876945047D-04    5.279637963174277D-05   -1.482648559152118D-03
   -3.817322225542491D-04   -8.360535751256294D-05   -1.988291267554634D-05
    1.553681079286116D-04   -8.212880444885720D-04    1.232518917931149D-03
   -5.208498698847191D-04    1.829280205977898D-04    3.705723896762963D-04
   -7.946491845947145D-05    6.695519160237891D-05
    7.119368286977938D-05    1.874587848374788D-04   -1.145132622915523D-03
   -2.028195943504564D-05    4.770896436276258D-04    1.331040214144158D-05
   -2.664820951344883D-05   -8.310626941975098D-02   -1.702720600640517D-03
    5.741594210328276D-03   -5.819944513842161D-05    2.335390676825405D-03
   -1.033873494698030D-04    1.933335754982351D-04   -1.433327926549128D-02
   -6.396343038038363D-04    3.538198235319355D-03    2.643574356459285D-05
    1.938421191884059D-04   -4.152994126071337D-04   -1.202181763177047D-03
   -6.314946174805329D-06   -6.238367189076345D-05    3.887657978268289D-05
    7.057120710099899D-01    6.601439168602900D-03   -9.555099932812439D-03
    1.949207856645474D-05    1.490795468629251D-04    1.603858325389509D-03
   -1.147179104235475D-03   -1.775229606907851D-04    3.239385154158893D-05
   -2.440209187029110D-04    5.061534402437330D-04    3.228476916967440D-04
    2.485537835683326D-04   -7.662231501822219D-04    8.675027360318777D-04
    3.573198772072014D-04   -1.881337695567096D-04
    1.551589270964266D-02   -6.704742441857968D-01    8.169657587141131D-02
    1.679224619221797D-01   -3.552188616196536D-02   -1.232008977825366D-03
    6.493438690583296D-03    1.956022171928589D-03   -1.349074058609310D-01
    9.091469597633893D-02   -4.729104119221503D-02    3.786402837388708D-02
   -2.628266577461394D-04    1.678560875027763D-03    1.093535717408874D-02
   -3.677089061567840D-01    1.572671166615488D-01    1.821608892114765D-01
   -3.362004705145211D-02   -8.360813413811792D-02    1.976410601673791D-02
    1.550647559009618D-02    8.817751707280666D-04    8.861837469915385D-03
    5.499704155943872D-03   -1.620284650101878D-01    3.188884642098441D-02
    4.426768374683612D-02   -5.271079775795387D-02    6.290205907145164D-03
    1.693221295501589D-02    2.784507356897162D-03   -1.903133765270902D-03
    1.059707582609507D-03   -2.133411919461945D-02    1.585687838607617D-02
   -2.613392254328104D-03   -2.720561497543280D-02    8.386004599804509D-03
    1.458590197386107D-03   -2.325522828109356D-03
    5.028250307851528D-03   -3.389515241692811D-01    4.898992056534467D-02
    2.620556743218741D-02   -8.895841318276181D-03    7.079182759861757D-04
    2.977138808017556D-03   -1.937806695170017D-02    5.569659948590634D-01
   -1.527604686470920D-01    1.043234516220352D-01   -2.085410443274710D-02
   -3.724163749862269D-04   -7.974317593961342D-03    1.350289858371228D-03
    1.854473084740788D-02   -8.283068121484403D-03    8.508680604846186D-02
   -1.584711331126637D-01   -2.468332289406028D-02    5.628386286453479D-02
    1.150379881360600D-02    3.969987054446540D-03    4.410839875015301D-03
   -1.458633638988462D-02    4.127784969678790D-01   -1.152804755043193D-01
   -1.152172761355810D-01   -3.626614393963338D-02    3.382674070998591D-02
    9.457041885442065D-03    1.233963585166093D-02   -1.802849630589526D-04
   -5.670209068704368D-03    1.594324014897890D-01   -7.154124795409111D-02
    1.476328459057686D-02    1.138420314473426D-01   -5.430888727543937D-02
   -1.072587111714216D-02    3.089042403367946D-03
   -7.497990830396310D-04    2.543979231751385D-01   -8.363578490763477D-03
    5.416315906124461D-02   -3.987914880905126D-03   -2.088836849303422D-03
   -2.163835830455133D-03   -1.371577493400471D-02    4.994880080168123D-01
   -6.746460652727652D-02   -1.422845004385651D-01    7.473879347860825D-02
   -5.763285634491528D-04   -3.258671279412543D-03    3.216619659923155D-03
   -2.459878521347943D-01    6.726341832634276D-02   -9.328531120211561D-02
    2.485504539606069D-01    3.546100369823480D-02   -7.821358764106810D-02
   -3.019343050384056D-03   -3.936589977014432D-03   -1.501777812199379D-03
    5.183215931392571D-03   -2.012594814923534D-01    1.620199358448213D-02
   -1.454417022250725D-01   -2.685224587317986D-01    5.378932484229070D-02
    6.195156314860989D-02    1.099501158154097D-02   -3.764027647765059D-03
   -2.935037066304128D-03    3.524314212979453D-01   -1.347329126691141D-01
    2.359340286010296D-02   -1.051559187390956D-01    3.829333866490732D-02
    4.769656928933456D-03   -6.919348761089809D-03
   -2.799206577596951D-04    1.792714008003975D-01    1.205698210544456D-02
    1.772467373470103D-01   -1.106839920518952D-04   -2.193187140493595D-03
    6.367533688262123D-04   -6.039529038055199D-05   -1.268790700599761D-01
    1.937154308250594D-02   -2.820063709870772D-01    5.481732372649351D-02
   -3.563867096335184D-03   -2.649516219901226D-03   -1.288446759509243D-03
   -4.839835059710273D-02    3.790185565741209D-02    7.210745414089836D-02
    8.119311975110691D-02   -2.511523716982601D-02   -2.821500191518964D-02
   -1.985752190252283D-02    1.161140166257960D-03    1.396409689383339D-03
   -6.085399073516001D-03    1.364082308618546D-01    8.842949323274750D-04
    3.734405393208338D-01   -1.409992365570918D-01   -9.367784144355829D-02
    2.529429886858375D-02   -7.922026867293841D-03   -1.290271989864237D-04
    1.540981523321425D-03    1.793964286878200D-01   -6.816461272129777D-02
    8.982276275919300D-03    4.246945709926149D-01   -1.486000890530605D-01
   -1.784762682689843D-02    1.104138304548539D-02
    8.914224587728555D-04    1.735224356927370D-01    1.286769194171883D-02
    1.823134695594264D-01   -6.206672412651300D-03   -2.456066382451759D-03
    7.505414310022179D-05    4.463700248550810D-03   -2.950577368837520D-02
   -1.341333189840194D-02    5.638070198655690D-01   -1.221874678475109D-01
   -9.070739259677238D-03   -1.043660025898854D-02    1.245655660696445D-03
   -2.218131121736244D-01    1.600659318364719D-02   -2.098575951950144D-02
    1.557875992662613D-01    5.609765788304777D-03   -1.892501489997333D-02
   -5.172281613501624D-03    5.630290433634961D-04    4.765102267954830D-04
   -3.427386560997040D-03    1.425077258203891D-01    7.827662662109736D-03
   -7.935608306848271D-02   -2.616639835161940D-01    1.383635090320514D-02
    7.203109004243007D-02   -7.449112601718720D-03   -7.756955849236817D-03
   -7.571399515814678D-03   -6.039727592083043D-01    1.619472445726878D-01
   -2.185591326824037D-02    1.460180045410997D-01   -3.342424873239128D-02
   -7.087396659413405D-03   -3.619846861359619D-03
    2.890768026887190D-03    2.070251298120569D-01    2.826414146896363D-02
    7.383818849702228D-01    2.897142851668207D-02   -6.787851377869390D-03
    1.925352096422364D-03   -1.981132275050162D-03    6.346411974756988D-02
    5.225099166965549D-02    4.523559979742657D-03    4.943952782171645D-03
    2.735050351659989D-03    2.754269601499620D-03   -3.666541027657426D-03
    3.846973070185018D-02    5.123680788587174D-02    2.859353102899172D-01
   -9.041657184798105D-02   -1.068494060831408D-01    6.767981873939993D-02
   -6.624704498121793D-03    8.349469795332612D-03    1.092958370376514D-02
    2.033859700303443D-04    2.411854548506259D-02    1.083908436187119D-02
   -9.728537550219571D-02    1.921751612844891D-01    4.889774424167678D-02
   -8.842920822436273D-03    1.028242721974347D-02    1.859769455685498D-03
    2.000747273041251D-03    5.568490316192266D-02   -2.151491375632497D-03
    1.550989720917680D-03   -1.953463872332908D-01    3.662054255583828D-02
    6.273140281351836D-03   -1.185046778965093D-03
   -4.909450747383838D-04   -2.469468076897323D-01   -5.277603072710284D-02
   -2.146288991070107D-01   -7.865411820187458D-02   -4.521430564188605D-03
   -7.618891214014335D-03   -9.534716058418773D-04    1.080034432933291D-01
   -5.658636442183746D-05    9.796465855011385D-02    3.354122742033317D-02
   -2.750112224097261D-03   -1.481475902785874D-03    5.690871603212234D-03
    3.973616712461645D-01    1.241725133134816D-01    3.685306132199120D-01
    4.216046689442303D-01    4.298081890858107D-02   -8.262514645563357D-02
    2.205737640079898D-02   -3.748379058385178D-03   -1.053064664747467D-03
    5.823280468687848D-04   -1.057510435638006D-01   -6.563017789560775D-02
   -3.702051895153122D-02   -1.758446721907855D-01   -2.623602645535774D-02
   -2.289442826135998D-02    1.805910607998523D-02   -1.700505190651731D-03
   -3.505013069113665D-05   -8.745495532219051D-02    3.367475398007902D-03
   -7.952897899906328D-04   -2.021603297714127D-02    1.564507375949346D-02
   -1.561968876047219D-03   -3.035077730894125D-03
   -1.053536617525346D-02   -9.340241281325731D-02    1.599092202038063D-01
    6.892730519313683D-02   -3.801357912586391D-02    2.641663110435563D-04
   -2.151404081784202D-04    3.546870341963102D-02   -5.856753845458584D-02
   -1.257982847411079D+00    2.615270187017913D-01    3.432640993987802D-01
   -1.837426387580745D-03    5.861435873200755D-03    5.038693089823572D-03
   -3.088729153792882D-03   -2.404198824529219D-01   -1.358221082415659D-02
    1.374291689577611D-02    1.630588626277770D-01    1.351731741385691D-01
    9.762553491817715D-03   -1.926884830343718D-03    3.798440757166682D-03
    1.316494971295437D-02   -1.189845804753299D-01   -4.290108187020579D-01
   -1.608571496884053D-01    7.916279872740575D-02   -5.171221276105924D-01
    2.129521751842123D-01   -2.748653583025409D-03   -2.704275708438354D-04
   -7.011376796286730D-04    3.432888660011004D-02    1.328027681718171D+00
    2.106119645061751D-02    4.748008611713071D-02    1.113611841111191D+00
   -9.422942358693382D-03    4.512871145351865D-03
    2.398692456926105D-02    5.604947137842642D-02   -4.991378532843549D-01
   -2.114794864911551D-02    1.617040121685400D-01   -9.636849812433227D-04
    1.766280620438336D-03    9.247961610783268D-03   -2.535113539048980D-01
   -1.899991024683791D-01    1.900651300146852D-01    1.718550453720941D+00
   -5.596817677678490D-03   -9.985857291476073D-03   -1.062919161730961D-02
   -1.256797244516463D-02    9.380617162228757D-01    1.243235990972676D-02
    5.122980172401068D-02   -2.362330122819276D-01   -3.010785449945318D-01
   -7.846479851077774D-03    5.106848338154150D-03   -1.389631877551196D-03
    1.035712035795255D-02    2.166266231858133D-01   -4.157488947868191D-01
    6.638615590506274D-02   -9.307053219241403D-02    1.043550164932568D+00
   -8.277049834966610D-01   -1.117850218862194D-02   -2.743991260396523D-03
    7.570174863764972D-03    2.483010094769975D-02    2.209794105364194D+00
    1.935499122795879D-02   -5.765761050639103D-02   -1.447626441087946D+00
    3.833668461720030D-03   -5.788933182172613D-03
    5.617008804565576D-02   -1.765986189264767D-01   -1.850945155423264D+00
    1.579725781984228D-01    5.597341478377827D-01   -1.067673702387579D-03
    1.341928971405731D-02    4.284856428825912D-02   -1.466383550628986D-01
   -2.236761354171220D+00   -2.582123512579379D-01   -1.335055460846107D+00
   -4.038630169456361D-03    1.178995870434122D-02   -3.749018652543826D-02
    5.759872922233203D-02    1.232477039709525D+00   -7.238811480355367D-02
   -7.181093832695856D-02   -6.564428885120996D-01    2.665127172658808D-01
   -4.363109076707964D-03   -2.172619948746857D-03    1.114946883434597D-04
   -2.983259249044943D-02   -8.043443908875439D-02    9.986620921254198D-01
   -8.901811765287816D-02   -1.020799350460675D-01   -9.258223119782762D-01
   -6.123940968770670D-01   -1.353468279197804D-02    4.341292111811860D-03
    1.856553793760792D-03   -5.634927839044190D-02   -8.933831445329015D-01
    5.371246553977646D-03    3.473705716173198D-02    2.939401767485352D-01
   -5.810294674449918D-03   -2.297891769343125D-02
   -4.771262395181494D-02    1.580067678592651D-01    2.011996936919850D+00
    4.805547798050038D-02   -1.989620630031876D-01    6.929039778882325D-05
   -7.286127872129868D-03    4.572708616237584D-02    4.897633596942166D-02
   -2.351774004277426D+00   -8.443320685606973D-02   -5.585298407391321D-01
   -1.765343132055102D-02    2.534718711925564D-03    3.905012264959534D-02
    2.784474859030145D-01    5.882100983842667D-01    1.675671930800626D-01
   -1.741017432995110D-01    8.938263225471829D-01   -1.421623556920414D+00
   -1.051231803785128D-02    1.271271540201204D-02    9.444441592782531D-03
    2.794168229351744D-02    1.285553896095722D-01   -8.563627910045617D-01
   -1.132457837785503D-01   -7.909971852036364D-02   -9.558055935171647D-01
   -1.464252696892815D+00    5.884386484363163D-02    4.543579397053885D-03
    1.373236891480079D-02   -4.185510142241289D-01    4.835493049709656D-02
    3.501568203537802D-02   -3.157364490223868D-01    5.087017766820424D-01
   -2.933663386956291D-02    7.589270330550284D-03
   -6.449216832645997D-02   -1.350056237957590D-01    1.668510740210467D+00
   -1.752644504835802D-01   -9.606073646062944D-01    7.685677764005570D-03
   -1.969242655927124D-02    7.995264611148294D-02   -4.300269352127106D-02
   -4.295613896208425D+00   -1.074196788670011D-01   -2.796479222698360D+00
   -5.409316188202137D-03   -1.583014318379007D-03    7.317389272890450D-02
    3.957399738809097D-02   -3.598816245825986D+00   -2.700445505054364D-01
   -5.436210621598155D-02    1.276668348729230D+00    1.910342266453143D+00
    2.677606270997724D-02   -6.654530615475996D-03    3.122641418096492D-03
   -8.376192894243145D-02    1.335656215470613D-01    4.499129544874893D+00
   -4.542960001201258D-02    3.450582503976721D-02   -2.612237048008403D+00
    1.638616261363947D+00   -5.280893728400930D-03    1.714929701605854D-02
   -8.077274025120602D-03    8.788742542691884D-02   -9.604641079380263D-01
    1.270151325092931D-03   -2.272861889111387D-01    1.257103230224598D+00
   -2.087197615429761D-02    6.089781132633040D-03
    1.907369504551355D-02   -4.947108266380284D-03   -1.000905880581109D+00
   -1.743543921802333D-01    4.054768742852323D-01    4.773932248957605D-03
    3.433866027057095D-02   -1.815322661256887D-01   -6.187689991243442D-01
    2.150827180338697D+00   -3.156524031175034D-01    1.074840380208633D+00
   -5.849707207622585D-02    1.659495569387859D-02   -1.532495443391357D-01
   -7.859286358214532D-01    8.857461998104247D-01   -1.118374132653447D-01
   -1.095491668776191D-01   -3.539789475685797D-01    3.824194651719374D-01
   -5.967028390214399D-02   -2.939697902149782D-02   -1.922395812283737D-04
   -1.273724458370815D-01   -5.923989218434833D-01    8.429830468274738D-02
    2.660209232156684D-01   -1.322582610938041D-01    5.815623810011085D-01
    4.620773107586305D-01    5.299303499156887D-02    3.907127014814080D-03
    7.330152868389418D-02   -7.489918660242225D-01    1.062827726644541D+00
    1.154754117350456D-01   -5.843717804371613D-01    2.916401100702676D-01
   -6.876217129374623D-02    4.655637806159396D-02
    6.790437471342370D-02    2.023303279002509D-01   -7.046955762972581D-01
   -1.339950111474917D-01    1.370416298072475D-01   -1.380187194560208D-02
   -2.490053840392143D-02   -6.673884844099262D-02   -1.661826124444232D-01
   -3.782207545032137D-01    1.596782660181537D-02   -5.227087255959010D-01
   -1.148089734122630D-02    9.225719067067242D-02    1.640462312361301D-01
    6.752972575899662D-01   -9.175249216183178D-01    9.012940666702990D-02
    5.450426821576023D-01   -3.641341524907772D-01   -3.580198765242967D-02
   -7.572933794359241D-02    3.967650132543683D-02    1.446934314644810D-02
   -2.470043458720532D-02    1.332704376254588D-02    6.675803938994893D-01
    2.704411674817462D-01    6.102974363886543D-01   -5.252361970713521D-01
   -3.448803484462861D-01    1.028491932291330D-01   -2.786090657640424D-02
    1.671549224932338D-02   -4.068410105271814D-01   -2.154282499890579D-02
    3.963450941295056D-02   -2.109492828732452D-01    4.035970935407560D-01
   -1.501821500216842D-02    3.773346913911767D-02
    1.185012115841443D-02    5.536732608263443D-02   -6.818553463949153D-01
   -3.088426286349712D-01    8.597753455723389D-02    1.070254835227342D-02
    2.251705040054094D-02    9.407489343265077D-02    8.144448094274319D-01
   -3.759753168737995D-02    6.790825320124046D-02    7.246969043403424D-01
   -2.612408499622954D-02    2.564876425896751D-02    9.417228905917395D-02
    4.015590706522299D-01   -4.541247562377849D-01   -2.439627364690254D-02
   -6.066487605906745D-01   -1.655912584599129D-01    1.189186668002707D+00
   -4.130244749226388D-02   -1.136071815725643D-02   -4.213151621698764D-02
    9.046302263583766D-02    1.993378339749833D-01   -1.801338366289255D-01
    9.555618637101430D-02    3.314842312579585D-01    3.724238991420232D-01
   -1.897304564757765D-01    2.155213115257823D-02    2.896367048649405D-02
   -5.181299514241682D-02   -7.164695098319043D-01    1.185532514532887D+00
    1.118285211901451D-01    2.831599155418045D-01   -4.040478914381380D-01
    4.499260660293575D-02   -2.283989340177090D-02
   -7.509096756354561D-02   -1.890122899720744D-01    2.120148736306249D+00
    4.416800576900253D-01   -8.300060691046963D-01    1.258230789033214D-02
   -2.584432187733262D-02   -1.876267755526945D-01   -7.311067037224518D-01
   -9.768861276101904D-01   -2.858856524740100D-01    2.420475633107821D-01
    7.832319208367258D-03    8.520431785750834D-02   -6.031048235239301D-02
   -2.799436051701831D-01    1.315182969284331D-01   -2.565734501605966D-01
   -5.437392073995847D-02    1.457998692088035D+00   -4.742650412316945D-01
    1.007330057644797D-01    1.478193508268962D-02    7.326274956341005D-03
   -1.649158234130907D-01   -8.184154811087549D-01    8.870521283348274D-01
    3.437633768180520D-01    2.162660076103780D-01   -1.366758779375786D+00
   -9.302524937793526D-01   -1.147983657789299D-01   -1.646433173336396D-02
   -3.893935065260640D-02   -3.921789472291441D-02    1.313759943935620D-02
    3.388775245717452D-02    5.818989360126930D-01   -5.425513415297135D-01
    6.589315892551437D-02   -2.538206932867965D-02
   -3.610750974430246D-02   -3.878226697843033D-01    4.436692697306086D-01
    3.987774892601703D-01   -2.751496997287421D-01   -3.033436651752444D-03
   -5.987160775481992D-02    3.521139465198216D-02    2.876350240368327D-01
    2.257932579662913D+00   -7.483059186946611D-01    2.996345665302125D+00
   -4.558405728925187D-02   -8.339670758996180D-02    1.321752145294437D-01
    7.301746870461174D-01   -6.234232805725471D-01   -5.348371952612504D-01
    1.631179092229971D-01    2.423051302046522D-01   -2.005442626499875D-01
    9.481975534131187D-02    2.441302635947391D-02    6.092659126518328D-02
    7.548824657492907D-02    3.232197495670408D-01   -1.809596195037034D+00
   -3.238793487325464D-01   -6.009280537693740D-02    1.853031985207217D+00
    1.713124661403050D-01   -7.806144487690084D-02    1.805364967355370D-02
    4.392124244860358D-02   -3.403086008395699D-01    1.874957355062944D+00
    1.667708674410980D-01   -5.844625520598936D-02   -5.285584156302880D-01
    2.414288477230182D-02    1.259853829564987D-02
    3.023296381046681D-02    1.003709940393544D-01   -9.882782218596272D-01
   -2.677017329206919D-01    4.379397588095727D-01   -5.180535018474619D-03
    1.064948295066107D-02   -1.724275236251002D-01   -8.122184735312883D-01
    2.990349911213723D+00    2.007287722603433D-01    5.905683303556574D-01
    3.479107178092853D-02   -7.448445016792577D-03   -1.425521515122102D-01
   -6.773869043423278D-01    2.113702955046826D+00   -2.057842628933352D-01
   -1.019803910518111D-02   -3.931145898148477D-01   -3.514497338022099D-01
   -1.014362064221445D-02    1.281471813632163D-02   -9.266425971815416D-03
   -1.578299228986663D-01   -7.088701675276387D-01    2.510360270857220D-01
   -7.353740209497971D-01    4.563568771423084D-01    2.478622620638080D+00
   -1.390312079594025D+00   -9.719958222512297D-02   -2.536171869209499D-02
   -2.578887480111915D-03   -1.087409183855994D-01   -2.070412088812941D-01
   -9.249628679797929D-02   -3.444220305716333D-01   -1.395222662801353D+00
    1.453358741511613D-01   -7.919940354040528D-02
   -5.981971908196104D-02   -5.179877813888222D-01    4.103047193506305D-01
    2.535649573613361D-01    9.464406283317879D-02    3.619736147188660D-03
   -4.249442634143391D-02   -1.101561504939143D-01   -3.691117103950549D-01
    9.702929104519659D-01    1.090751535235948D+00   -2.953171392736425D+00
    3.931306604377158D-03    3.008995666138719D-02    7.296142932391156D-02
    5.429451273932119D-01   -6.703598949394746D-01   -6.707017623567237D-01
   -7.007211962451362D-02    4.368770651625401D-01    9.714323706577625D-03
    1.864696449333453D-02   -4.739584899914527D-03    4.660326609015812D-02
   -3.248122372790926D-02   -2.581497723930469D-01    7.567958169058746D-01
    2.878198285560644D-01   -2.174891347356278D-01   -6.266144882200795D-01
    7.309558904492517D-01    1.343664245803946D-02    3.471775678637934D-03
   -3.461730856318321D-02   -4.708765892188739D-01   -1.306007286776387D+00
   -1.658314176814710D-01   -1.705718134712514D-01    4.071507991766084D-01
   -2.813663898292867D-02    2.191923301537374D-02
   -2.535157594546551D-02   -1.939126293720582D-01    4.621643132941410D-01
   -6.635998005226785D-01    1.223598490348955D+00    2.591966271331007D-02
   -4.303912263700174D-02   -2.997137659332679D-01   -1.377469064854068D+00
    2.280141202052593D+00   -1.859034314083853D-01    2.199957985191891D-01
   -8.129446788442830D-03    1.937400696768267D-02    3.176854080589486D-01
    1.382575516733604D+00   -2.445470769686914D+00    4.247029503564614D-02
    8.155773202146609D-02   -6.453043293062395D-02    2.142141759906235D-01
    1.374370421947523D-01   -3.636095013751927D-02   -1.222520820512159D-01
   -1.132564340969275D-01   -4.727537074421315D-01    9.448650582791338D-01
   -8.610977951871142D-02   -1.982776130692543D-01    9.213087965220187D-02
    1.066946983477263D+00   -6.633947313683075D-02    2.873333521339099D-02
    2.520024762554521D-02    3.891408963715368D-02   -1.241681617020279D-01
   -5.307090323613357D-02    1.659895490619238D-01   -3.362357032345530D-02
    1.893415288234958D-02   -1.662579420964029D-02
   -2.054099236611634D-02   -3.044679006762423D-01   -1.366217183277299D-01
   -4.997766381888609D-01    1.786821049137698D+00    1.692228467700370D-02
   -1.764828082931980D-02    4.598237300382096D-01    2.015945608406995D+00
   -4.853971550631107D+00   -1.287029872430596D-01    1.008788292796796D+00
    4.398786458076016D-02   -6.721791773278477D-03   -1.439269995206407D-01
   -5.879591022478968D-01    3.696791775198204D+00   -5.829942161973114D-01
    2.486563707448105D-01    5.639055527130812D-01   -2.027974039546508D+00
    3.633977490118970D-03    9.808692546566388D-04   -6.224188611196774D-02
    1.267669965923479D-02    3.879215774581856D-02   -1.628464540875499D+00
    2.507201975490135D-01    1.883632904085313D-01   -5.065822822527011D-01
   -2.482502944225763D+00    1.024274252311871D-01   -2.878897424096390D-02
   -4.663156891345067D-02    6.928748147321370D-01    3.217502084702124D-01
    9.497101357038626D-02   -3.203683290723650D-01   -2.371777836972589D-02
   -5.901266317665972D-02    9.384461772774156D-03
   -8.744775035527039D-02   -4.164649722180110D-01    3.632844306007763D-01
   -2.167874873414820D-01    7.525587815500331D-01    2.498899833645475D-03
    1.416821771407459D-02   -2.341064686273998D-01   -1.027070524771025D+00
    2.395074376708794D+00   -9.823498029261139D-03   -1.973442425105555D+00
   -1.174369120294992D-02   -7.942739053131315D-02   -2.527381477127175D-01
   -1.137306429207061D+00    2.308862170890866D+00    8.828100422433238D-03
    4.167360525123785D-01   -4.072083977501170D-02   -1.395740962572471D+00
    9.285408285838723D-02    2.030380295970609D-02   -6.067693108293789D-02
    3.210869017505295D-01    1.447435127590863D+00   -3.173445032820767D+00
   -1.035796726027296D-01    7.541393818337187D-02   -3.446860036477314D-01
    7.513293611039600D-02   -8.143075369592093D-02   -1.800244041053871D-02
   -8.139274592065565D-02   -1.599873953514154D+00   -1.819898865334479D-01
    6.092083337979252D-02    4.619983338376445D-01    1.807130063218084D-01
    8.117276585917550D-03    6.115224995031579D-02
    1.397920547536861D-01    6.077600745021525D-01   -3.518394904590637D-01
   -5.655227382354250D-01    9.782111215009939D-01   -1.420362428779176D-02
    4.955866026786184D-03    1.203568838778693D-01    3.858423054143045D-01
   -2.872500065493810D+00   -1.456768711934023D-02   -1.549192385972421D+00
   -8.826153283634000D-02    5.830837249711447D-02   -2.284474930681685D-02
   -1.290763954495382D-01    3.442923319680947D-01   -2.099087510481239D-01
    8.953074479201316D-02    7.129058906064315D-01   -5.288152360995784D-01
   -3.161183990267974D-01   -2.725184609629004D-02    1.386557307608894D-01
    8.186691295738574D-02    3.275702364348386D-01   -7.135807425748501D-02
   -1.600480855649969D-01   -1.097346368578943D-01   -1.840249209176326D+00
    3.433747545503858D-01    2.481798582398581D-03   -2.668645881908604D-02
    6.569022255357847D-02    1.449487641316828D-01   -4.506155133515840D-01
    5.573277504808073D-02    1.235752864501886D+00   -1.816443112200935D-02
    6.062486660266503D-02   -1.079515814928062D-01
   -2.068200132841571D-01   -9.477114235976859D-01    8.394086930096920D-01
   -3.065359595134861D-01    6.467361208369328D-01   -3.257417486447374D-02
    4.150779064700778D-02   -5.745653527983947D-01   -2.233492423919665D+00
    1.030553053890181D+01   -1.564507469882351D-01    6.590798626123614D+00
    2.686790859162168D-02    1.790247197449818D-02   -1.227094449272829D-01
   -4.842007781043215D-01    4.337154515506107D+00   -1.348120846214909D-01
   -2.429372874281381D-01   -1.369456180200900D-01   -1.839348545160933D+00
   -4.228151911277597D-02    5.249521575767910D-02    4.924553182901919D-02
    5.161148894847062D-01    2.000096190200091D+00   -9.758843753677118D+00
    1.007224209818244D-01    2.060689408421353D-01    3.845522155099484D+00
   -2.495866786424447D+00   -5.712537521545762D-02    2.873489181765851D-02
    1.022211654890350D-01    1.182296413623251D+00    9.530641487518962D-01
   -2.129720586971656D-01   -3.213059092582939D-01   -7.539394218035338D-01
   -1.964450752421693D-01   -1.073898202595557D-02
   -4.487114452231154D-01   -1.763165987168930D+00    5.270484812014798D+00
   -2.248163673083856D-01   -8.098657029403976D-01    1.016466441877410D-02
    8.736930039308954D-02    3.362201483401294D-01    1.376387202721541D+00
   -3.779851187124951D+00    2.006244708517146D-01   -1.523572164619676D+00
   -9.287517329655539D-03    1.364338486826591D-01    1.543106837162408D-01
    5.930045156596646D-01   -2.553543452827856D+00    3.042457695665715D-01
   -1.527775524316418D-01    9.583619148107396D-01   -4.664672663493733D-02
    4.107720186526799D-01   -5.950028276893438D-02    1.415191174952921D-01
    8.220190498482025D-02    3.936115762551672D-01    1.422890285666703D+00
   -8.342930056782928D-02    2.120415508272956D-01   -1.116071221120396D+00
   -4.270308277895210D-02   -5.880296032358029D-02   -6.804108114031339D-02
    7.921333876045510D-02   -8.400190637619204D-02   -2.371625014997542D-01
    4.642720092150344D-02    7.870976831801457D-02    2.028326213011473D-01
    2.137619936973577D-02    7.580596714793124D-02
   -9.804714262335780D-02   -2.906218522992250D-01    1.711885702946951D+00
   -4.264917474277176D-01   -3.321556748835183D-01   -5.834838236620237D-02
   -3.826634836144671D-03    2.208988919145312D-02    1.665060838921437D-01
   -5.752913735280033D-01    6.365296361515890D-02   -1.650610343835750D+00
    1.328303427776017D-01   -2.514450720982368D-02    1.180056633977136D-01
    4.344337461307875D-01   -3.312211947586472D+00    2.895755910994857D-01
   -2.809493461738387D-02    2.375231134255403D-01    1.011569786864106D+00
   -8.604413862986754D-02    6.194778672731644D-04    1.270427400794618D-01
   -2.446406671512334D-01   -9.718095940799563D-01    3.443581322461635D+00
    1.800845043304231D-02   -2.323100538903900D-01   -6.455432606132772D-01
    1.893792075571922D+00   -3.925047772741254D-01    3.289907673641252D-02
   -8.274093076648285D-02   -1.238139228619682D+00    3.889015732466762D-01
    2.327013873704865D-01   -4.212768148796676D-01    5.713762183907111D-01
   -1.932969813260631D-01   -1.494837271679061D-01
    1.513832643596905D-01    6.099344797114914D-01   -1.869599993987456D+00
    2.301040817535578D-01   -4.164290890714553D-02    2.979182094709391D-02
   -2.897959298210923D-02    3.623348367760818D-01    1.619228477544529D+00
    2.865514364781873D-01    4.392442727739411D-01   -1.298312466187222D+00
   -5.722254981900528D-02    1.234443651955615D-01   -1.153874381261446D-01
   -5.076339073288206D-01    5.646202705852190D-02    1.582966426575988D-02
    2.755856811497606D-01   -8.003758875885786D-01    3.136086457537106D-01
    1.471997580975913D-01    2.476254671647054D-02   -1.112290676091426D-01
    8.627099818976253D-02    3.449535037815307D-01    8.911338410588837D-02
   -6.202507127979463D-02   -6.845682117780335D-03    8.213562133714319D-01
    1.340414453503476D+00   -1.223077713414439D-01    1.274453872918909D-02
    1.056291229814552D-01   -4.226288109045768D-01   -1.531099638749333D-01
   -1.121135776567745D-01   -1.482243201992379D-02   -7.498749351419259D-03
   -2.528646270464200D-01   -5.243000747414092D-01
   -5.485404351532925D-01   -2.173279282605114D+00    5.923223777089904D+00
   -2.645373318581868D-01   -1.033451310478624D+00   -3.498861497142972D-02
    3.608355627471478D-02    1.263301887683435D-01    6.396666227029657D-01
   -3.333271422678043D+00    1.041929362080604D-01   -1.687416424698274D+00
   -5.807201580976614D-02   -2.699115590842958D-01   -2.950016322291071D-02
   -2.422791897611996D-01   -3.656901921348072D+00    2.794745051966173D-01
    3.905516132190299D-01    1.222090678363976D+00    2.590760081165838D-01
    1.695656643379021D-01    2.424323265571793D-02    9.494371827573189D-02
   -4.028588790991514D-01   -1.617004132484545D+00    4.483105684528780D+00
    4.928878286637899D-01    3.477537776268976D-01   -2.246746200340179D+00
    1.222793069191378D+00    3.610329268750789D-02    1.122918958532849D-01
    5.060885791139324D-03    7.667713388202918D-02   -4.393602764444455D-01
   -1.909298103361483D-01    4.858043589515916D-01    2.200067924233144D-01
    9.320984165691130D-02   -1.378593537742469D-01
   -5.270350514996458D-01   -2.331691107002769D+00    3.118892231471715D+00
    7.860389610152451D-01   -1.293271231037791D+00   -2.546843036359088D-02
    1.164772606170437D-01   -1.442011390144151D-01   -7.938669442149300D-01
   -2.240352102230216D+00   -4.743048779443745D-01   -1.526925638666795D+00
    3.668872824272273D-02    1.511501503931130D-01    1.743329716817232D-01
    7.470882305796824D-01   -3.617609367206159D+00   -2.303709032907387D-01
    3.426725870611267D-01    5.987114981476714D-01    1.189236106155421D+00
   -3.528997858905080D-01   -1.259885213674534D-01   -1.114658797004033D-01
   -3.547793975878159D-02    6.834352060528728D-02    3.694986823502601D+00
   -3.000937915518928D-01    1.220545867333558D-01   -1.334755898698415D+00
    1.271180251660169D+00    2.663358823365606D-01    4.456094682456893D-03
   -1.539542631624074D-01   -3.152974059819788D-01   -1.722579617482946D-01
    1.094121157066762D-01    8.105177652702540D-02    3.642389471396705D-01
   -3.910265797282517D-02   -3.403613873038939D-01
    4.112043238537068D-01    1.713053315909143D+00   -2.986453088043687D+00
    1.224808608663158D-01    1.040331703561301D-01    8.389462980094674D-02
    1.676917555258066D-02   -2.552217236811469D-01   -8.543251979240627D-01
    4.688838308189074D+00    4.176750628030518D-02    2.056834799862693D+00
    3.092727051480612D-02   -2.062511531158527D-01    1.231341533517567D-01
    3.455291971688032D-01   -1.110675074658000D+00   -1.052803140128170D-01
    6.606485750565270D-01   -5.563708996205071D-01    7.930749413207479D-01
    7.174776256947479D-02   -2.007927162028882D-01    1.089708766784123D-01
    1.174184931342399D-01    5.527517389588917D-01   -9.206020662507741D-01
    2.023981677614810D-01    1.028555370669858D+00    1.457643428885442D+00
    3.015189234502231D-01   -2.077983621960324D-01    1.399331320254689D-01
    1.220663305938805D-02   -2.437732509510422D-02    6.077870649777608D-01
   -1.032376121862425D-01   -3.087626077776904D-01   -8.819721991836196D-02
   -8.269621116543698D-02   -1.721613636821853D-02
   -7.453163987031078D-03   -8.701052734646102D-02   -7.491182671980871D-01
    1.482475704381222D-01    1.337821760653321D-01    1.423613203469061D-02
   -6.983266209330862D-04   -3.761265646891160D-01   -1.307339868892671D+00
    6.722608922632700D+00    9.904867210533020D-01    2.128164641134028D+00
    1.197567884553050D-01   -3.053603114909733D-01    1.323969821450591D-02
    1.080562439244235D-01    1.498909577774557D+00   -1.091470327962995D-01
   -2.166118671947924D-01   -3.671203104948958D-01   -3.554639070919324D-01
   -3.730521689970086D-02    1.675309822809028D-02   -6.025122113815559D-02
    3.011526396888482D-01    1.079409101976168D+00   -4.770358034984933D+00
    7.607753113194381D-01   -2.992051584935834D-02    1.746751069356792D+00
   -3.247921566256011D-01   -1.034202930356433D-01   -2.763838617267169D-02
    2.740448027044636D-01   -2.164044042252231D-01    9.298851711695600D-01
    5.154307312747840D-01    5.313842068305802D-02   -6.144492091669682D-01
    3.224173055197055D-01   -2.025728345622767D-01
    1.983481277866707D-01    6.322523509670546D-01   -3.385131599550611D+00
    3.855431917067382D-01    1.078618822079895D+00   -2.103575058784905D-01
    1.331760885966613D-01    2.815867355468974D-01    1.381902642052916D+00
    1.343403851870453D+00    2.765492009106287D-02    7.218502830967664D-01
   -2.546743714869012D-02   -2.356460792953723D-01    4.462550895287127D-02
    2.793640399213204D-01    1.999408244812062D+00   -4.513783792002830D-01
    1.341403665485897D-01   -5.623961706710269D-01   -4.032263609464423D-01
   -2.493060012725184D-01   -9.995246466837425D-02   -2.615125286192455D-01
    1.376881299269532D-01    4.200755671971051D-01   -2.476907202538752D+00
    2.152076821477544D-01    4.210275311106430D-01    7.341973945356816D-01
   -6.868491232751890D-01   -5.640710099968742D-01   -1.687053156732577D-02
    1.646441533529686D-01   -3.562556465430040D-01    1.157865811432303D-01
   -4.322906678183710D-01   -9.548865324018337D-02   -5.230469595918700D-03
    4.225594130979889D-02    2.329848294253220D-01
    3.402145283185643D-01    1.398425421560007D+00   -1.747290834401467D+00
   -2.553027963889983D-01    6.066854436803464D-01   -7.428928620202130D-02
    1.246070111973439D-01    1.480678811820461D-01    4.954896934316177D-01
   -2.388101178574405D+00   -7.986659197826171D-01   -8.754371981171420D-01
    1.128253715576397D-01    2.710174983488057D-01    6.860446642571935D-02
    2.393946141011315D-01   -4.193354498388322D-01   -2.603869690934084D-01
    1.926652945756118D-01    1.396551518316804D-02    6.246411429024396D-02
    2.902687135420649D-01   -1.718505016472086D-02    4.767363719900401D-02
    1.327189754465733D-01    7.998517475033222D-01    1.793782556737574D+00
    6.019886507632162D-01   -6.812736926029088D-01   -6.649187669919711D-01
    3.364155691423107D-01    8.621646735241921D-03    3.453349152316768D-02
   -2.589736119657121D-01   -8.648472877295358D-01    4.853385153706003D-02
   -4.638951047962550D-01   -1.355085580685476D+00    3.905453464323387D-01
    7.807322515154259D-01   -4.083068373623109D-01
    2.474939645655167D-01    9.329311159230149D-01   -1.785158871433131D+00
    3.957807168343733D-02    5.823477133284849D-01   -8.018152242469512D-02
    2.200126737836292D-01    6.140665332614210D-02   -1.160551852333685D-01
   -4.312435119404961D+00    1.295295687858826D+00   -1.649096865412677D+00
   -1.551394470740283D-01    2.833365728071440D-01   -3.063234884553844D-02
   -1.256563265198792D-01   -1.691106903717068D-01   -4.086707746469482D-01
    6.607313152019475D-01    1.110310364050540D-01   -1.357255123667948D-01
    1.288754906883910D-01   -2.783192949730601D-02   -7.498334340467221D-02
   -1.328683570384234D-01   -4.352296983015323D-01    2.437774899701166D+00
   -3.875284809247104D-01    3.531056784423114D-03   -1.020433657377334D+00
    2.532089153630962D-01    1.886042178828255D-01    1.590898907606322D-01
    2.261768432434291D-03    1.871783698253221D+00   -6.700116764946799D-01
    1.148354310429133D+00    4.274126504105031D-01    6.875175053767298D-02
   -5.914944726015562D-02    2.597013866203279D-01
    5.134685677497919D-01    2.032967090294990D+00   -3.583777619053623D+00
   -2.492339920073751D-01    1.052454063010296D+00   -7.249987522357983D-02
    1.817674420493445D-01   -5.703455642514326D-01   -2.201609021221603D+00
    5.693725077153640D+00   -1.903737121547528D-01    1.865282160632980D+00
   -7.875046029689955D-02   -2.900484559356011D-01    2.554575542140614D-01
    1.093814840668198D+00    7.932935991966351D-01   -3.840722892227871D-01
   -4.630821606519234D-01   -4.865208603413800D-01   -1.092304682492808D-01
    3.539767977787344D-01    6.679519189042947D-02    1.724401033909442D-02
   -4.900130996835149D-02   -3.695747989701372D-01   -2.707849706371451D+00
    2.617181436759053D-02    1.032887072578383D-01    1.452653720803701D+00
   -1.247770726116673D-01    5.036066407821769D-01   -1.846928752302521D-01
   -4.267628569922322D-02    2.854602127471095D-01    1.756597651044999D-01
    1.493490406403112D-01    4.224889443814100D-01   -3.772865168086300D-01
   -5.268534689319045D-01   -3.311694496308953D-01
    2.058633629663469D-01    6.321509287602477D-01   -3.038037872078823D+00
    1.586058697037966D-01    6.837426130030738D-01    1.612714964225835D-01
    4.760064528113436D-01    7.293409376837977D-02    5.144184648393021D-01
    2.465527933367277D+00   -5.798037268923558D-01    1.054982659929253D+00
    2.744882634354271D-01    1.009433432792801D-02    3.735427815330899D-02
    3.706836312408457D-01    2.390892155035857D+00   -5.882201677340407D-01
    3.496294732585621D-01   -2.136911911384100D-01   -8.353604795674455D-01
   -4.241984394967650D-01    1.503862709081080D-01   -7.410362028078971D-02
    3.111107592954396D-03   -1.817709810743688D-01   -2.879269814752669D+00
   -3.268026107077008D-01   -3.113323520977337D-01    9.162744080995797D-01
   -5.408625284067659D-01    1.683361838299641D-01    2.922740035219869D-02
    2.406245960589584D-01   -1.662259634889751D+00    7.405802389138737D-01
   -7.599568596095738D-01    8.800627650264929D-01   -5.012797426719110D-01
   -2.652024053668682D-01    3.307330094329680D-01
   -5.640572667378475D-02   -3.399238273689258D-01   -1.046243561448586D+00
    1.629763202886036D-01    1.547389863539953D-02    1.656645784477814D-01
    3.089785216955820D-01    5.755073239593594D-02    1.326800471554245D-01
   -9.971208596493653D-01    6.268539004776915D-01   -2.030835665688075D-03
   -4.468907513497486D-01   -3.047741805573229D-01    1.071673774279001D-01
    5.911076511215104D-01    5.017756134883010D-01    1.932887420998018D-02
    5.035591069153798D-02   -1.304266129091118D-01   -1.682976537790943D-03
   -8.143788525751666D-01    1.153711114828943D-01   -3.892471263446089D-02
   -7.670124468225079D-02   -2.381857009993289D-01    5.280737488029619D-01
    6.482535940666304D-01   -2.932234627472588D-01   -1.259645885752708D-01
   -2.427604453546131D-01   -1.162640719758770D+00   -2.023237574332832D-01
   -3.013988877994699D-01    2.113505365619153D+00   -8.743631187435654D-01
    7.181041106758409D-01   -1.841570761493980D+00    7.183603652235421D-01
    5.646613148299386D-01   -3.240643553837698D-01
    3.492904670309995D-01   -2.272012611343600D-02   -1.927239131310069D-02
    3.527689851612024D-01   -2.558070975413733D-02    1.630194466904619D-02
    3.201089839753699D-01   -4.534534829775839D-02   -1.801497637445801D-02
   -7.340332622843899D-03    3.316832728404731D-01   -2.654186274638257D-02
   -1.489339894757692D-02    6.682102080537732D-03    8.028810959683493D-03
    7.317467917003654D-03
   -5.587347276042011D-01   -7.550548450271186D-03    2.206189893320800D-02
    4.595373738577887D-01    3.897798112262335D-03    1.214957798620592D-02
   -2.368094480167960D-01    3.612816254365400D-03    2.557577821799910D-02
   -2.101524705885745D-02    2.518372967765956D-01    7.176089019095130D-03
   -1.645282074048903D-02   -1.505940389824558D-02    1.084532983237928D-02
    6.299767740077880D-03
   -6.904617566007210D-01    4.013925627467124D-02    1.366485649844845D-02
   -6.596237950034579D-01   -2.857073979922757D-02   -5.215512127804257D-03
    4.021878831671539D-01   -1.436747749390455D-02    1.313886322159809D-02
   -1.922545195703198D-02    3.079079712488869D-01   -1.029284019510598D-02
    1.299913917381192D-02    2.849564407871056D-02   -9.198941073640903D-03
    4.084418850559774D-03
    5.677998451479723D-01   -5.267279410304536D-02   -7.342153891060187D-03
   -6.085413553977908D-01   -2.508006977690152D-02   -5.828367003397521D-04
   -5.517006472706107D-01    3.148064233417916D-03    6.892483867736760D-04
   -1.172726001983059D-02    6.098816616098196D-01    1.330860788568629D-02
    6.214438412281116D-03    1.040690019588972D-04   -4.464236673685056D-03
    4.272874692027439D-03
   -1.116839580633925D-01   -1.962743694464448D-01    3.067056166248029D-02
   -6.030740616899023D-01    5.996007978721403D-01   -4.839977940497464D-02
   -6.832320084223671D-01    8.699606004114978D-01   -2.033610950211902D-03
    3.993869726237697D-02   -5.912032747050575D-01    4.821546686548721D-01
    4.975402738808318D-02   -3.375280430976608D-02   -1.474674012528550D-02
   -1.303551008666320D-02
    1.335459587553234D-01    2.306219052327322D-01   -4.338042674912597D-02
   -9.012303974237236D-01    1.064890352057756D+00   -1.054278280846731D-01
    6.229663479339885D-01   -1.074504737027417D+00   -2.187274390192146D-02
    2.119367700032590D-02   -3.448941166571985D-01    5.447876389095999D-01
    8.210160046673458D-02    5.787788230558302D-02    5.747418516166485D-03
    4.279689076555140D-03
    1.656062798744493D-01    7.257505388764712D-02   -1.609243682695371D-02
    8.291180230087010D-01   -2.089140409273861D+00   -3.827810215098416D-02
    1.685125793340216D-01   -6.731925533981278D-01    3.392969668104007D-03
    6.957570955717986D-02   -6.393837996301738D-01    1.682548083817620D+00
   -2.515972098797221D-02   -2.877871910165793D-02   -1.332456146448985D-02
    2.053534981716926D-02
   -4.297763027990136D-01    8.513453727248966D-01    7.773895089014790D-02
    1.973102782254360D-01   -1.717620337092914D-01   -3.477794642920118D-01
    1.799992978309847D-02   -1.664552180170229D-01    2.728480084626322D-01
    1.184830146151789D-01    1.881618216559444D-01   -1.009622169776295D-01
    2.622690812554425D-01   -1.594040488964395D-01    1.464972939386565D-01
    1.377459062504248D-01
   -1.238394741412824D+00    2.176489369508125D+00    3.453318562802461D-02
   -8.392697083989718D-02   -1.776692482206919D-01    1.936528055717594D-01
   -7.498180702824853D-03   -7.595251203584338D-01   -3.137431062433161D-03
   -7.697554791021649D-02   -1.270962087968026D-01    4.853961658093450D-01
   -1.371967610760685D-01    2.327715574009112D-03   -1.293564917123880D-01
   -5.744869993468732D-03
   -2.262158094986435D-01    4.303369136033256D-01   -7.694092887805383D-02
    2.963463808216572D-01   -5.084034242953673D-01   -3.619243447278910D-01
   -1.933209669743729D-01   -2.567981591209713D-02   -2.061872732902971D-01
   -3.698221742042427D-01   -8.372620962718330D-02    2.127069637986228D-01
    7.100793958551087D-02    2.298953545386221D-01    3.382820854868528D-01
   -2.255974777283000D-02
    2.347352971354816D-01    4.083548384561062D-01    2.561066779383857D-01
    6.615327156871148D-02   -3.231862350095138D-02    1.045494189414257D-01
   -3.576384668435317D-02   -3.468273879271836D-01    5.123757253418930D-01
   -7.947651347961215D-02   -1.292638572064009D-01    3.022897582727483D-01
    6.069499841405692D-03    3.449830501614546D-01   -5.983604485675957D-03
   -1.807111349022292D-01
   -1.413829221939311D-01    2.066426150857196D-01    5.330324287150103D-02
   -2.214519963079618D-01   -8.576232188103653D-01   -3.874770872485507D-01
    7.241603890265033D-02   -3.326575686850443D-01    5.495091011711396D-03
    2.640605846832603D-01    1.353130524445265D-01    7.046800897236895D-01
   -3.674253122997277D-01   -1.696210204117367D-01    4.350696981414815D-01
   -4.493836901909380D-01
    1.228303622054226D-02   -9.980605721759472D-02    1.134967272115622D-01
   -2.608985458127353D-01   -3.720775111102270D-02    5.294269170868688D-01
   -2.957319083957875D-02    1.695405175561304D-02    9.261649622550579D-04
    1.960646785009097D-01   -1.205086232282240D-01    3.841650457482698D-02
   -2.688095016010564D-01    2.353765914071330D-01    8.460689352874666D-01
    4.816512977207550D-01
    3.379172136205346D-01   -1.383987234094689D-01    1.652589141377643D-01
   -3.475341487691559D-01    6.740559323837317D-02   -1.883678309369892D-01
    1.962235763283732D-01    7.475532245425635D-02    1.974387638802737D-01
   -6.525495001130960D-01   -2.112946250581911D-01   -4.812072892706457D-02
   -3.466798768931107D-01   -6.165549117880962D-01    1.953868664394345D-02
    1.784260301301862D-01
    3.833670566365458D-03   -3.710845011075116D-01    4.578822812680131D-01
   -3.236500904877230D-02    6.069472879990860D-02   -8.512060763779685D-01
   -4.650274173279634D-02    1.512850813276519D-01   -1.932645725576327D-01
    2.984395717611326D-01    1.373506539498483D-01   -1.090413988118748D-01
   -5.160525886360051D-01    3.336620667078413D-01   -6.215615523970960D-01
    4.216722538539723D-01
    1.834760414132505D-02   -6.850342250280320D-01    9.544332670989383D-01
    1.337685215279525D-01    6.741919378191037D-02    3.787729896642958D-01
    2.206032734962924D-01    2.425510122255132D-01   -5.308580557572693D-01
    8.251198703707430D-03    1.123497869503674D-02   -1.865753766663761D-01
    4.183418736850825D-01   -1.409628006619040D-01    1.887092951196978D-01
   -2.382488049382113D-01
    2.344433053966745D-04   -2.657253098402363D-03    2.119865178152561D-04
   -3.881992743652650D-05    2.369410195092830D-03    9.965029733475855D-05
    7.081026527219447D-01    6.089791145392468D-03   -7.987446735370080D-03
   -1.540555257735488D-03   -7.736316690601780D-05    4.587804487181619D-04
    3.569790054592571D-03   -6.561353148032353D-04    6.392429304180799D-05
   -6.253761980218802D-05    1.440318447999446D-02   -3.672484998027010D-04
    2.845367629137645D-03   -4.166586438856806D-05   -1.985612148324543D-05
    5.213671169208557D-04    3.269034723524991D-03   -2.213827683295919D-04
   -3.723148112238307D-05    5.526602415421175D-05   -6.950124419471134D-05
   -7.190388338258073D-05    4.262103736240445D-04   -4.168129345436666D-05
   -4.397023437273771D-05
    1.965307984795764D-05   -4.484513764045671D-05   -2.664811073643603D-05
   -8.050935289682534D-05    1.808285822564534D-03   -1.683025475530542D-04
   -1.481856108262611D-02   -3.343052824571649D-04    1.849636553549421D-03
    6.872669718518879D-05    1.565063890470786D-04   -2.066268403771243D-04
   -6.048210786984363D-04    1.049025189176382D-05   -7.152056433158476D-05
    7.834775978797403D-05    7.081354337723410D-01    6.712168891811808D-03
   -8.425473362160592D-03   -3.951600216768954D-05    1.593788400971667D-04
    1.326428049451946D-03   -2.288879073271205D-04   -1.468768462242395D-04
    4.268766935871727D-05   -1.498811375427863D-04   -4.461120523162272D-05
   -5.870285661352512D-04    8.429325261852421D-04    3.283175027986193D-04
   -1.803190572094510D-04
   -2.049007103036612D-01    3.452652416285781D-02    1.853570717045042D-02
   -1.995885976713707D-01    6.998510220083992D-02   -2.156617955550195D-02
    1.000241887463895D-02   -4.147854102952683D-01    1.029686177085105D-01
    4.678722406721413D-02    1.250605975921101D-01   -1.696817454272858D-02
   -1.481284572726784D-02    7.469799818181320D-03   -4.986474984032708D-03
    1.011922483704642D-03    1.621300539783842D-02   -4.704514820350976D-01
    1.256582336198740D-01    8.032489309281871D-03   -9.472652762661310D-02
    1.959862217721860D-02    3.484351664139986D-02    3.186529700798584D-04
   -4.100515825435463D-03    6.864964722274738D-04   -3.887897803198590D-03
   -1.726794170756936D-01    7.176397277670167D-02    1.173972471554405D-02
   -8.844207444266505D-03
   -5.157178517272256D-01    9.094215857807529D-02    2.910065636097261D-02
    2.474272164979029D-01   -3.184849223790853D-02    1.165296094246270D-02
    5.126666822926975D-03   -3.771664343101200D-01    5.381683071903030D-02
    1.977810309714604D-01   -1.750899222812507D-01   -5.978688285247899D-02
    9.495481846054901D-02    1.937553804940030D-02   -2.916438335454679D-04
    4.357173204801128D-03   -8.189551460503855D-03    2.795079593025214D-01
   -3.694523005235975D-02    2.087225744055214D-02   -1.535202615311682D-01
   -4.348570435293154D-03    8.023839443667463D-02    1.042984059910011D-02
   -5.882527293370453D-04   -2.387123865364430D-03    2.390888319282164D-03
    2.041127632741645D-01   -8.080782914245010D-02   -1.427600695783959D-02
    3.420236536209576D-03
   -3.557713390728197D-01    4.263657052310207D-02    1.185022104684831D-02
   -3.889157761255730D-01    9.511295297189060D-02   -6.051030650902862D-03
   -1.086169655833498D-03    1.124140044079046D-01   -1.385437996346247D-03
    1.948776000382727D-01   -3.553185878826755D-01   -7.375370723744974D-02
    1.124528044120008D-01    1.033181135206076D-02    2.474927826578217D-03
    3.107240624830606D-03    1.034870433648213D-03   -3.828561622573118D-02
    1.147976113261266D-02    9.489563526064271D-02    4.197808266734701D-01
   -1.390779837914602D-02   -9.459864632755724D-02   -5.026606909584034D-03
    3.618240109656342D-03    3.543592644414781D-03   -4.131720344158670D-03
   -1.248397798932012D-01    3.924815815328624D-02    7.259196024790924D-03
    2.181902144211652D-03
    1.062406874690144D-01   -1.493147765963392D-02   -5.318684253459567D-04
   -4.414506110134052D-01    1.154683097464027D-01   -3.039360454965871D-02
    1.191052752255972D-05   -1.988597343293677D-02    2.634953454885142D-03
    1.354239808361168D-02    1.264739021647283D-01   -1.067244168879775D-02
   -3.616480635848131D-02   -1.959483894154633D-02   -1.006952300191950D-03
   -2.016349746052754D-03   -2.061762503079919D-03   -6.136978526461765D-02
    2.382958454269688D-03    4.851179224528060D-01   -6.039168379839785D-02
   -8.592506044595216D-02    1.494499643159100D-02   -1.876692013918787D-02
   -2.868343625460622D-03   -1.920570672950444D-03   -1.018348912017805D-02
    4.430670653899994D-01   -1.219821617931072D-01   -1.331160492061400D-02
    9.013095513544019D-03
    2.146312080016808D-01    1.099165919182074D-02   -2.218982586003762D-02
   -1.446697179327087D-01    2.018832722148389D-02    2.975133809956686D-03
   -2.828842360014809D-03   -2.371819632500988D-01   -1.153389153679284D-01
   -5.824105550601271D-01   -3.054159924419115D-01   -1.941039501526661D-02
    8.604860560716479D-03   -2.412249138516262D-02    3.332731377792420D-03
    1.287502192167912D-03    6.837462905127803D-05    1.006364452499515D-01
    7.933539771744984D-03    2.740814396703759D-02    1.340515599132495D-01
    3.102368251818731D-02   -2.201678136399295D-03   -2.647368142409930D-02
   -6.317205214324866D-05   -1.536665989083844D-03   -3.419387744916075D-03
    6.927764833793698D-02   -8.496473199583935D-03    1.369811245901946D-03
    2.456420914594077D-03
   -5.766899954961836D-02    9.760753642414477D-02   -8.068298640401107D-03
    2.476350451174536D-02    2.487068785117907D-01   -4.736199594221170D-03
    8.855008536285819D-03    6.905879769399229D-02   -3.655816370956169D-01
   -5.117217029697432D-02   -5.718208246868246D-02    2.484993253340978D-01
    2.992062009565663D-02    7.656551258074753D-03   -2.487025156397971D-03
    3.244843481007512D-03    2.478651147914661D-02   -1.284117813520531D-01
   -1.027027625780893D+00   -2.169372020075171D-01    9.490277893548392D-02
   -8.126566072680620D-01    4.848264645809492D-01    7.824742161756276D-03
    2.850724543360918D-03    5.491070179279541D-03    2.236469682984246D-03
    1.001183405114278D-02    1.781526902219182D+00   -2.276056871849220D-02
    7.939072621827215D-03
    9.575529554216264D-02    1.104731051082388D-01    1.401260640504141D-02
    2.077412050052399D-02   -9.706737096462511D-01    2.821508184140755D-02
    5.152729576077369D-02   -1.559810604867158D-01   -2.429752006569505D+00
   -6.677118590837972D-02    1.227390495178891D-01    4.466710348567496D-01
    1.417238547613086D+00    3.664747286399055D-03   -7.812508972793472D-03
    7.746255252540328D-03   -5.534589720507114D-02    9.154913078761277D-02
    2.559576122128064D+00   -1.957815348589676D-01    1.950187744175069D-02
   -7.347102319401984D-01    1.436996692528730D+00   -8.966806596365649D-03
    3.029925323657034D-03   -1.273519678375825D-02   -3.333256674671632D-02
    3.791458328715036D-02    5.734021059067161D-01    1.377421207237540D-02
    7.116990354122389D-03
   -4.089652234632620D-01   -1.097422510864628D+00    2.999813061811774D-02
   -3.544817540609719D-01   -2.077838791921865D+00   -1.848847210846154D-03
   -3.571804558253139D-02    8.497917093714723D-02    1.934735156364450D+00
    7.279835480239243D-03   -3.477942312913650D-02   -8.881922253285630D-01
    6.131843320397961D-01    7.078492751067259D-03   -5.355702273509580D-04
   -1.220882704154806D-03   -2.149752069463753D-02   -2.652918097733910D-02
    1.509293130345073D+00   -1.406217988258135D-01   -8.649590106327264D-02
   -6.898688832513368D-01   -1.211276436583487D+00   -3.807150043118688D-02
   -1.080259014873694D-03   -8.010015572804001D-03   -5.617813285092583D-03
    2.525515655094436D-01   -1.034870432995380D-01    1.432635164000613D-02
   -3.116669888149332D-02
    4.263825890162345D-02    1.282601196708449D+00   -7.858671183793522D-02
    2.004166175189114D-01   -3.502047232185013D+00    8.869586709616847D-03
    1.312799364137072D-02    2.396284071031008D-01    4.566498334706993D-01
    5.961258732801585D-02    2.862748697178064D-01    1.319176009702975D+00
   -2.515192849445442D+00    6.942749396983937D-02   -2.300900958878711D-03
    1.262802016216023D-02    1.182408847344737D-02    5.493048748757359D-02
    1.673527001906752D-01   -2.555797110226956D-01   -3.753407769799254D-01
   -1.073729043145475D+00   -1.945180310387143D+00    4.495657770984477D-02
   -7.903008400882136D-03   -1.750332658616284D-02   -1.713885518827096D-02
    1.780760727293212D-01   -3.727372934743175D-02    2.309005132036268D-02
    2.168533284660506D-02
   -2.236558909060803D-01   -2.546479465129467D-01   -9.078218365771683D-02
    8.455938436782449D-02    7.970785286212801D-01   -8.070445962852403D-03
    2.576238190794984D-04    3.985672288068228D-02   -3.851040507722602D-01
   -8.221354779069483D-01   -2.747262501486030D-01    1.064219945478854D+00
    6.106326464814599D-01    5.744135749085217D-02   -3.217489384359259D-02
    2.416634415884570D-02   -3.834681652191210D-02   -3.254640487023509D-01
    2.242184119789588D-01    4.975615523500275D-03   -3.132124097593522D-01
    2.599543330185146D-01    7.757059805696067D-01   -1.142925582360114D-01
    1.523985135878941D-02   -1.800764331300775D-02   -3.424020715054634D-03
    2.083984839394876D-01   -4.720441889685862D-01    3.703388012795494D-02
   -1.685154723867275D-02
   -1.213831278678582D-01   -7.385592626317142D-01    2.666786951904981D-02
    9.510918845452521D-01    1.088109767825600D+00   -2.148659888768283D-02
    5.344725017359728D-02    3.614691084936640D-01   -2.006398469738180D-01
    1.598781749448864D-01   -1.154324748098844D-01   -1.526551043948684D+00
    1.065205600109554D+00    6.761632949185270D-03   -8.829167786161600D-03
   -1.608073155226181D-02    1.044271611208958D-01    1.499201558115695D-01
   -8.398860776396095D-01   -1.707735983430887D-01    6.356488744777870D-02
    1.725989481371371D+00    1.325184549041481D+00    2.041741217485218D-02
    1.743113056375912D-02   -6.342089704814503D-02    2.506639580937849D-02
    5.889163865595178D-01   -7.714292613466519D-01    8.994477223539568D-02
   -2.318953628029917D-02
   -3.644202365126683D-01   -1.312203130856662D+00    1.774014455307540D-03
   -4.063239161012471D-02    2.608178047671038D+00    4.873880026496758D-02
   -1.366894533820767D-01   -4.486514134775739D-01    7.890555535039984D-01
   -3.319866992979748D-02    5.225937371137916D-01   -2.054686591823701D+00
    8.384082751185518D-01   -7.106473999914931D-03   -2.134446617742515D-02
    2.987171913844815D-02   -1.155087112006168D-01   -4.686545169726344D-01
   -2.417216341964724D-01    5.798107838747026D-02   -3.522202783953732D-01
    1.436629413485700D+00    2.430761564898979D+00    3.631620226303526D-02
   -1.520085630488142D-02    5.980430459876146D-02   -3.712230605105239D-02
   -3.362744180361701D-01    2.599291131502808D-01   -5.131053176005732D-02
    3.115569525150078D-02
    4.477541588416071D-02   -6.719255259333094D-02    3.562400830960510D-03
    4.690699530771276D-01   -2.295995798869465D+00   -2.164528728537364D-01
    5.827435938231416D-02    3.265586594870749D-01   -8.516247150851954D-01
    2.008462151942687D-02   -3.132901830253358D-01    2.076709817389536D-01
    6.039478983741825D-01   -8.472588547471653D-02   -2.792416503868815D-02
    3.373540523780015D-03    3.316193313470435D-02    1.780658861532213D-01
    1.161832626771845D+00    6.729561829497167D-01   -3.964973538618655D-01
   -2.309363080339029D+00    3.343744993009604D-01    1.888302017569390D-01
    4.232622284225137D-02    6.802868401997143D-03   -1.386244470820499D-02
   -2.434495287736463D-01    1.544258903930997D+00   -1.442323669510250D-01
    6.990368746269457D-02
   -3.413148025998639D-01   -3.522583624230423D-01   -1.025836193773896D-01
    2.810607254022465D-01   -4.655400444974456D-01   -8.617801117010217D-02
    1.381052162676518D-01    5.847603479109446D-01   -1.542273793480579D-01
   -4.183624009773202D-01    6.780225338986053D-01    7.321815044893379D-01
   -5.338092168202013D-01    6.246774792017315D-02    4.149684949739131D-02
   -8.955479487189050D-03    1.640107637279632D-01    8.146556394127596D-01
   -1.153417488392495D+00    4.345621556058509D-01    5.202672239613990D-01
   -1.260178452820159D+00   -5.577257931427432D-01    5.350771983281578D-02
   -3.421555569045711D-02   -3.052673154944503D-02    6.722516741068010D-02
    2.222831392390312D-01    4.652962172824368D-01   -2.154383354569764D-02
    8.832573703709329D-02
   -2.760156319372690D-01    8.879004308020066D-01   -3.346161353693015D-02
   -7.392316548166628D-01    4.947367044274000D+00    2.546282810901220D-01
    2.455938201391660D-01    1.124138610443634D+00   -3.467736113609966D+00
    1.678015339256159D-01   -3.792022630961937D-02   -2.260120233114793D-01
    6.545086555548959D-01    1.374276761026049D-01   -3.169442987562743D-03
   -2.040331142649335D-02    3.236749325201269D-01    1.443636830056678D+00
   -3.860838070602823D+00   -6.241099191316039D-02   -5.017146769912951D-01
    1.125121720864827D+00    3.268220584027030D+00   -1.347639885901235D-01
    4.079350241004166D-02    1.452170115987223D-02   -2.122878427743147D-02
    2.461681607262710D-01    3.964990981878679D-01   -1.023387182256830D-01
    3.492027064824885D-02
    5.705568735254370D-01   -1.431347651554030D+00    1.093111218617917D-01
   -1.393156096569226D-01    1.961923157855267D+00    1.189164826173505D-01
   -3.964982870018808D-01   -1.742864989927972D+00    3.934241369580961D+00
    1.436484584641282D-01    6.599942377011547D-04   -6.441126588159453D-01
   -5.742062445722136D-01   -1.929781579825691D-01    5.456957977698024D-03
    1.761096250175982D-02    2.772330579544949D-01    1.131564471201014D+00
   -4.391513784556956D+00    1.743440450322435D-01   -1.827004757862697D-01
   -5.454292369956474D-01    5.606616181162655D-01   -4.822046524789592D-02
   -3.726020196569754D-02   -1.745332216545953D-02    5.118697231702457D-02
    9.996090104759039D-01    1.162863331229330D-01   -3.961018452914451D-02
    8.050701233146086D-03
    2.073578750812752D-01   -2.923230764965010D+00    1.025002685122505D-02
    1.010139491189374D-01    4.060857538222664D-01    2.818908621477860D-01
   -1.508155707030838D-01   -5.968112493456296D-01    4.910800074293339D+00
   -3.294684667050348D-01   -5.118617687913702D-02   -1.982168546243047D+00
    5.816320263079876D-01   -1.615987899661636D-01    2.471331288283758D-02
   -5.502815183349333D-02    3.509694914418228D-01    1.491079504200380D+00
   -3.028234127383236D+00   -4.222362278377609D-01    3.796838970037991D-02
    3.224539670664775D+00   -1.300448898769239D+00    1.217444910519751D-01
    1.268398298991543D-04   -1.773706934692702D-02   -9.090315478289508D-02
   -1.113730433347137D+00   -3.695234090705217D-01   -9.217649520227773D-02
    2.446979654498281D-02
   -9.208490458811495D-01    3.870778421057926D+00    2.596351672911349D-02
    3.611182154689103D-01   -1.979646496936440D+00   -1.595579138465125D-03
   -3.551333253071350D-01   -1.421707944958273D+00    1.808747133010760D+00
   -7.085628057590398D-02   -1.140371451881772D-01    1.604822783067737D+00
   -2.943082796407092D+00    2.084323131218417D-01    3.125798623733039D-02
    1.488638827435908D-01    1.736137833846193D-01    6.966824701331679D-01
   -2.413555840830194D+00    6.110092114929189D-02    1.381511039254012D-01
   -3.420847777591481D-01   -2.517283029057410D+00    3.655867442056605D-02
    1.834666252907402D-03   -2.432409478733415D-02   -2.401836209540510D-02
   -1.601099948107390D-01   -1.061887160274801D-01   -9.612695081658310D-02
   -2.008772142608999D-02
   -2.403949683627535D-01    1.018860799320748D+00    3.763970249954479D-02
   -1.126078581693490D-01    2.364058601151110D-01    4.009411579415433D-01
   -4.966114789660172D-02   -1.108738466303410D-01    7.997187092950583D-01
    9.890943073749008D-02   -4.601605910924912D-01    2.119257443671525D-01
   -5.769944128759218D-01    9.866516591761569D-02   -3.131732020530555D-02
   -1.031147660227377D-01   -1.361908798232281D-01   -6.799045181484306D-01
   -3.546228418208644D-01    4.075229539555623D-01    1.100247236969824D-01
   -7.617470007787845D-01   -1.092934899216828D+00    9.800368311285888D-02
   -9.208163247012198D-02   -1.042223756872342D-01   -4.022269988572122D-01
   -7.484081128417096D-02    1.053036498018671D-01    4.475467303851040D-02
    2.982514801748773D-01
   -4.927260607349960D-01    9.144374453991385D-01   -1.089634419917877D-01
   -5.117598783402448D-01    1.802341400608763D+00    2.211318103717579D-01
    2.604826740671232D-01    1.053670192531572D+00   -3.038607630179080D+00
   -2.077667690464200D-01    9.660829253965272D-02    1.162071920303549D+00
    4.009848976169646D-01   -4.091990586165599D-01   -3.513699137871162D-02
    1.736024271253907D-01    4.183548713988890D-02    1.886767822014264D-01
   -2.885069114396213D-01    1.811966166580831D-02    2.122836419630821D-01
   -7.270290549991260D-01    8.923550939802711D-01    2.051682222899575D-01
    2.717767100584701D-02    5.403575445951079D-02   -3.204008704632950D-01
    8.640249220142632D-01   -2.485901397436190D-01    1.619247516744747D-01
   -5.300928172792842D-02
    1.228124299271314D-01    9.028651003699052D-01   -2.591688158889399D-03
   -1.531864341617308D-01   -3.695841338247183D+00   -1.658577597068716D-01
    1.020947131808664D-01    4.582636271216406D-01    1.176195663639293D+00
    7.878355712568752D-03   -6.158641060274649D-01    1.075787248745980D+00
   -1.131120307108661D+00    9.211847130890073D-02   -2.493027461819554D-03
    1.225631154798704D-01    2.327982438659117D-01    9.607794853295046D-01
   -2.136520780881597D-01   -2.758045506146892D-01   -1.874341679237098D-01
   -5.390585980898605D-01   -3.165604207719468D+00    1.364480034051501D-01
   -9.400094242301887D-02    9.294971450162681D-02    6.073721641661677D-01
   -2.395097436937731D-01   -2.074707648058866D-01    2.905188790378461D-01
    4.088594545727112D-01
   -8.668856284010962D-01    1.473495406305790D+00   -4.415749586948838D-02
   -2.217527361361784D-01   -9.718263453318055D-01    8.699263195342158D-02
   -3.796309009367237D-02   -1.128143764596180D-01   -4.704304352459243D-01
   -3.635945010535151D-02   -5.380806206301371D-02    1.072491763492824D-01
   -4.886543816622727D-02   -2.114662087526468D-01   -1.107717739972693D-01
   -1.882003297328381D-01    5.645799198358693D-02    3.043689036723280D-01
    6.958892432548900D-01   -7.855851319557735D-03    1.843442365242651D-01
   -4.021074600292334D-01   -3.087674472695095D-01    1.347625750923598D-01
   -6.179795684853646D-02   -5.174223693705835D-02    5.854268608321561D-01
   -7.638863057398168D-02    1.329030929398881D-01   -1.176220630108077D-01
   -3.656682966694168D-01
    4.777201236819055D-01   -6.675488520299734D-01   -7.748041986104923D-02
    1.224213501932968D+00    2.055181741496670D+00    7.686209955346019D-01
    3.561475178388439D-01    1.410597589838473D+00   -2.234882902984027D+00
    1.299471238932330D-01   -3.801178825546651D-01   -1.876714159595907D-01
    1.065524499614374D+00    1.410316303938115D-02   -4.363490262943154D-03
    1.652253795737224D-01    4.003727421265155D-02   -6.232737955327896D-02
   -1.572501694169525D+00    3.237901554025027D-01    3.480682426758425D-01
    1.479965121538022D+00    1.216213972078259D+00   -3.880441646322250D-01
   -9.037378113951899D-02    1.912350037019234D-01    5.799616102857973D-02
   -4.305059550556000D-02   -2.039210243615676D-01   -3.192048948835395D-01
   -1.807961306591863D-01
   -2.112211361730642D-01   -5.621520977081093D-01    1.093738071423107D-01
    4.814137298049021D-01    1.971804158064829D+00    4.022199184055983D-01
   -1.996801155813198D-01   -6.252766114113225D-01    3.282348677763247D+00
   -2.377899098507350D-01   -3.872821225761552D-01   -8.581883826618911D-01
   -6.223114763211159D-01    1.443178450093752D-01    1.598923285562260D-01
   -1.851818086041628D-01    1.909901110179520D-01    5.730769476099440D-01
   -4.277024575962424D+00    4.955888802521108D-01   -6.258772478002267D-01
    1.247812431481683D+00    3.435050628554882D-01    1.948758503490730D-01
   -7.820777925684325D-02    2.604018508782075D-01   -1.178312848642229D-01
    4.915047154247434D-01   -6.666302984586620D-01    2.107143293049049D-01
   -2.383103364449332D-01
    2.147151183158980D-01    9.429784106354303D-01   -1.584865099851515D-01
    5.020995773513399D-01    1.658562429097276D+00   -1.082986005832005D-01
   -1.063086789207300D-01   -6.079258967654475D-01   -6.133662701926991D-01
    2.527637846922016D-01    2.300882010238623D-01   -2.662904422011035D-01
   -1.050084974268992D-01    3.603649390094226D-01   -2.069988822460617D-01
   -4.368502576472398D-02    4.679201939623849D-01    1.956173551173034D+00
   -2.946784279946888D+00    7.964102185142695D-02    7.223755080974714D-01
    1.098940126737759D+00    4.482785980358988D-01   -1.707241393936456D-01
    8.159822640330100D-02    1.889600918824553D-01   -4.528864320725375D-01
    1.196356683858134D-01   -2.889258476159294D-01    1.950170881213025D-01
   -1.391055294356518D-02
    8.537998593152631D-01    6.900630097682128D-03    2.674309676389751D-03
   -6.378974382894775D-01    5.073420546406219D-02    3.888984285485169D-01
    1.861276940644021D-01    5.740780334787171D-01   -2.878661109541470D+00
    2.045792766816786D-02    1.485316294340442D-01    5.261629219665351D-01
    5.140849324103371D-01    5.777778512768937D-01   -6.244297798205986D-02
    1.925502899890251D-01   -8.980698173048091D-02   -1.444441019187836D-01
    2.621435274903048D+00    8.775540289332910D-01    2.345258898604607D-03
   -6.960761011302418D-01    6.175879170875466D-01    2.417360468561070D-01
    5.950599384603242D-02   -2.458510071590867D-01    3.383499662297789D-01
   -9.296461599892840D-01    2.516966193792451D-01    4.503337903678994D-01
   -5.058967811507172D-01
   -5.941925408155965D-01   -7.646653280687961D-03    1.711036547453527D-01
    1.038506776256068D+00   -1.787686053611863D+00    9.072513877277759D-01
   -1.508525589555680D-01   -5.590268468121973D-01    1.180372191540393D+00
   -2.259122120341985D-02    5.192030373366421D-01    8.627033903454272D-03
   -3.054020246000941D-01   -5.546560160414062D-01   -3.658483103820905D-02
   -9.459924263408988D-02   -9.923946442404209D-02   -3.111113534774049D-01
    1.436206800868400D+00    9.554975690304834D-01    3.670847893080146D-02
   -5.986011222665725D-01   -9.590994511479968D-01   -9.850787839890668D-01
    1.421745037312248D-01    9.146639872280631D-03    4.436255866161951D-01
   -1.329201922263848D+00    3.756573718876926D-01    7.365955867698996D-01
    2.036088558029359D-01
   -1.860726486696236D-01   -9.484449775780422D-01    2.454350372915943D-01
   -7.292072598247137D-02    1.072182068240571D+00   -1.072498997165982D+00
    2.727410636729865D-01    1.155924131754227D+00   -5.355222673520715D-01
   -4.469514413104351D-02   -2.911701129476145D-01   -3.942024700540582D-01
    8.329950624962644D-01   -4.167210878888435D-01    3.689201471730190D-02
    1.617735919168518D-02    3.299377313158854D-01    1.440708810502531D+00
   -8.918954653114204D-01    2.139242969045771D-01   -7.526146835712373D-01
    7.264383736614718D-01    8.057269291039161D-01   -5.462785880887521D-01
   -2.254390951936464D-01   -3.201874595249931D-01   -6.631183976106538D-01
   -1.672373685524550D+00    5.318505898255677D-01    5.667818071050166D-01
   -5.633148665233106D-01
   -2.349787177578968D-01   -2.396315197040290D+00    1.404796056032751D+00
    7.625906327407549D-02    9.749283867119463D-01    1.023974502257508D-01
    2.882516436981680D-01    1.281911049055163D+00   -8.163400498742522D-03
   -9.388774723412464D-01    6.337129539463802D-01   -7.047301805181606D-01
    1.066670489826960D+00   -2.252545749053869D-01   -1.084525042457361D-01
   -1.610127258535639D-01    6.294246566144110D-02    2.204153828924746D-01
   -2.274295783538657D-01   -2.389727241582159D-01    3.686795800950120D-01
    7.436261053647164D-01    7.493884220088535D-01    7.576779127315333D-02
    4.137724756594631D-02    9.943223006035007D-02   -1.063976254101969D-02
    3.737931364442085D-01   -1.283296901712042D-01   -1.968412486419472D-01
    8.949850530135556D-02
    2.206626465901573D-02    2.928781790075380D-02    4.401012260816448D-01
   -5.207444779631003D-03   -4.208681833060795D-03   -1.730148365068437D-02
    4.463961090120591D-01    1.560880913878875D-02   -4.079519992872843D-03
    1.821450290168172D-02    1.069828623787306D-02
   -2.885715394469665D-02    3.070682679957580D-02   -6.260173959811203D-01
   -5.641506008099754D-03    7.995773999837615D-03   -2.291363021324018D-02
    5.725905621853268D-01    2.180534992908816D-02   -7.404741996462181D-03
   -1.553121711050660D-02    7.721403530969221D-03
   -3.487379329450505D-02   -9.614509169231567D-02   -6.037032591020343D-01
    6.671446481633034D-01    4.039220713266195D-02    7.926092634838486D-02
   -7.812329699942163D-01    9.913601363126762D-01    5.585423032063908D-02
   -6.769345175512653D-02    1.705015429614608D-03
   -3.866020523716504D-02    6.260879740258617D-02   -7.518645686742943D-01
    1.449401196191056D+00    3.659793536908962D-02   -3.746811426666963D-02
    5.622566970906497D-01   -1.192177742986380D+00   -1.000768988068117D-02
   -3.779122599167899D-02   -7.923296313774694D-03
   -1.017751316224630D-01   -3.986483608475551D-01   -6.427433635448578D-02
   -3.198314710187471D-02    1.554706781446640D-01   -2.671110322599283D-01
    2.288581235538622D-02    1.121612130451821D-02    2.028700048427627D-01
    3.010339547416351D-01    3.913503686783839D-02
    8.587442915715528D-02   -1.146206902874290D-01    1.521570993377501D-01
   -8.850389915171539D-02    9.957151556798460D-02    2.459580453003044D-01
    2.992643980744548D-01   -3.960747869820379D-01    3.643240388062723D-01
   -1.723761587146539D-01    2.840923616251224D-01
    1.736840345962503D-01   -3.723331667898893D-01   -2.473290117969086D-01
    2.318974224958578D-01   -6.073687606421148D-01    5.647329363327482D-02
    9.932596205356543D-02    7.719437660198355D-04   -3.236689259364981D-02
    1.261284338341088D-01    1.017003781073507D-01
   -1.898008203476635D-01    4.338186382813833D-01    3.398438201273859D-02
    4.025174974950650D-01   -1.978226999554488D-01   -5.296804652745593D-01
   -3.363372224963128D-01   -3.330181605499172D-01    3.251433335001935D-02
   -2.243024580081260D-01    4.618081892238917D-01
   -1.567836452258307D-01   -6.273185808548494D-01    1.433660965736100D-02
   -9.345835905784156D-02    1.868844814156929D-01    2.265473621890192D-01
    6.719629739792526D-02    4.957698432345452D-02   -7.678718538390890D-01
    1.023196143313779D-01    5.732172408724335D-01
    3.696776104874546D-01    8.408454234183415D-01   -2.893663980528621D-01
   -2.406325694246385D-02    1.219383769205958D-01    2.732543395381483D-01
   -2.038217534681962D-01    5.229555504585871D-02    9.226319906965146D-02
    7.509290137294106D-01    3.092336746543808D-01
    1.103205398282688D+00   -3.471088106997437D-01   -1.391219993074578D-01
    5.275770956067741D-02    4.291022746210102D-01   -5.701503069989331D-01
   -8.906511479129366D-02    2.139380248817047D-03   -1.983256267948734D-01
   -3.934997777961697D-01    2.706188549048791D-02
orbocc
(1p3d25.15)                             
    2.000000000000000D+00    2.000000000000000D+00    2.000000000000000D+00
    2.000000000000000D+00    2.000000000000000D+00    2.000000000000000D+00
    2.000000000000000D+00    2.000000000000000D+00    2.000000000000000D+00
    2.000000000000000D+00    1.000000000000000D+00    0.000000000000000D+00
    0.000000000000000D+00    0.000000000000000D+00    0.000000000000000D+00
    0.000000000000000D+00    0.000000000000000D+00    0.000000000000000D+00
    0.000000000000000D+00    0.000000000000000D+00    0.000000000000000D+00
    0.000000000000000D+00    0.000000000000000D+00    0.000000000000000D+00
    0.000000000000000D+00    0.000000000000000D+00    0.000000000000000D+00
    0.000000000000000D+00    0.000000000000000D+00    0.000000000000000D+00
    0.000000000000000D+00    0.000000000000000D+00    0.000000000000000D+00
    0.000000000000000D+00    0.000000000000000D+00    0.000000000000000D+00
    0.000000000000000D+00    0.000000000000000D+00    0.000000000000000D+00
    0.000000000000000D+00    0.000000000000000D+00
    1.000000000000000D+00    1.000000000000000D+00    1.000000000000000D+00
    1.000000000000000D+00    0.000000000000000D+00    0.000000000000000D+00
    0.000000000000000D+00    0.000000000000000D+00    0.000000000000000D+00
    0.000000000000000D+00    0.000000000000000D+00    0.000000000000000D+00
    0.000000000000000D+00    0.000000000000000D+00    0.000000000000000D+00
    0.000000000000000D+00
    2.000000000000000D+00    2.000000000000000D+00    2.000000000000000D+00
    2.000000000000000D+00    2.000000000000000D+00    2.000000000000000D+00
    1.000000000000000D+00    0.000000000000000D+00    0.000000000000000D+00
    0.000000000000000D+00    0.000000000000000D+00    0.000000000000000D+00
    0.000000000000000D+00    0.000000000000000D+00    0.000000000000000D+00
    0.000000000000000D+00    0.000000000000000D+00    0.000000000000000D+00
    0.000000000000000D+00    0.000000000000000D+00    0.000000000000000D+00
    0.000000000000000D+00    0.000000000000000D+00    0.000000000000000D+00
    0.000000000000000D+00    0.000000000000000D+00    0.000000000000000D+00
    0.000000000000000D+00    0.000000000000000D+00    0.000000000000000D+00
    0.000000000000000D+00
    1.000000000000000D+00    1.000000000000000D+00    0.000000000000000D+00
    0.000000000000000D+00    0.000000000000000D+00    0.000000000000000D+00
    0.000000000000000D+00    0.000000000000000D+00    0.000000000000000D+00
    0.000000000000000D+00    0.000000000000000D+00
