 iter=  1| etot=  -245.49745174| mxforce=  0.130501 on c.  1| mxstep=  0.024807 for c. 12| dener= 0.0000000E+00
 old coordinate |      force    |no.|new coord. |displacement
      1.29541773      0.13050064   1  1.30859961  0.01318188
      1.29541773      0.13050064   2  1.30859961  0.01318188
      1.39276947      0.07359542   3  1.40245308  0.00968361
      1.38040381      0.09964154   4  1.39285901  0.01245519
      1.39276947      0.07359542   5  1.40245308  0.00968361
      1.38040381      0.09964154   6  1.39285901  0.01245519
      1.08287351      0.00056689   7  1.08297658  0.00010307
      1.07910965      0.00055531   8  1.07921062  0.00010097
      1.07910965      0.00055531   9  1.07921062  0.00010097
     -0.05950406     -0.00689151  10 -0.06442656 -0.00492251
      0.00000000      0.00000000  11  0.00000000  0.00000000
     -0.18781761      0.03721003  12 -0.16301092  0.02480668
      0.00000000      0.00000000  13  0.00000000  0.00000000
      0.00000000      0.00000000  14  0.00000000  0.00000000
      0.00000000      0.00000000  15  0.00000000  0.00000000
      0.00000000      0.00000000  16  0.00000000  0.00000000
      0.00000000      0.00000000  17  0.00000000  0.00000000
      0.00214666      0.00050869  18  0.00265536  0.00050869
      0.00000000      0.00000000  19  0.00000000  0.00000000
      0.00214666      0.00050869  20  0.00265536  0.00050869
      0.00000000      0.00000000  21  0.00000000  0.00000000
 iter=  2| etot=  -245.49832127| mxforce= -0.010918 on c.  5| mxstep= -0.002271 for c. 10| dener= -.8695280E-03
 old coordinate |      force    |no.|new coord. |displacement
      1.30859961     -0.00973238   1  1.30772512 -0.00087449
      1.30859961     -0.00973238   2  1.30772512 -0.00087449
      1.40245307     -0.01091770   3  1.40114602 -0.00130705
      1.39285901     -0.00494675   4  1.39232164 -0.00053737
      1.40245307     -0.01091770   5  1.40114602 -0.00130705
      1.39285901     -0.00494675   6  1.39232164 -0.00053737
      1.08297658     -0.00468180   7  1.08218491 -0.00079167
      1.07921062      0.00150745   8  1.07946592  0.00025531
      1.07921062      0.00150745   9  1.07946592  0.00025531
     -0.06442656     -0.00339445  10 -0.06669738 -0.00227082
      0.00000000      0.00000000  11  0.00000000  0.00000000
     -0.16301092     -0.00193709  12 -0.16413687 -0.00112595
      0.00000000      0.00000000  13  0.00000000  0.00000000
      0.00000000      0.00000000  14  0.00000000  0.00000000
      0.00000000      0.00000000  15  0.00000000  0.00000000
      0.00000000     -0.00000000  16 -0.00000000 -0.00000000
      0.00000000      0.00000000  17  0.00000000  0.00000000
      0.00265536      0.00133272  18  0.00389686  0.00124150
      0.00000000      0.00000000  19  0.00000000  0.00000000
      0.00265536      0.00133272  20  0.00389686  0.00124150
      0.00000000      0.00000000  21  0.00000000  0.00000000
 iter=  3| etot=  -245.49832949| mxforce=  0.000923 on c. 18| mxstep=  0.000976 for c. 18| dener= -.8220000E-05
 old coordinate |      force    |no.|new coord. |displacement
      1.30772512      0.00014188   1  1.30772031 -0.00000481
      1.30772512      0.00014188   2  1.30772031 -0.00000481
      1.40114603      0.00004317   3  1.40112050 -0.00002553
      1.39232164     -0.00078956   4  1.39220968 -0.00011197
      1.40114603      0.00004317   5  1.40112050 -0.00002553
      1.39232164     -0.00078956   6  1.39220968 -0.00011197
      1.08218491      0.00026164   7  1.08221331  0.00002840
      1.07946593      0.00002370   8  1.07947690  0.00001097
      1.07946593      0.00002370   9  1.07947690  0.00001097
     -0.06669738     -0.00010781  10 -0.06683547 -0.00013809
      0.00000000     -0.00000000  11 -0.00000000 -0.00000000
     -0.16413687     -0.00021380  12 -0.16430602 -0.00016915
      0.00000000      0.00000000  13  0.00000000  0.00000000
      0.00000000      0.00000000  14  0.00000000  0.00000000
      0.00000000      0.00000000  15  0.00000000  0.00000000
      0.00000000      0.00000000  16  0.00000000  0.00000000
      0.00000000      0.00000000  17  0.00000000  0.00000000
      0.00389686      0.00092315  18  0.00487329  0.00097643
      0.00000000      0.00000000  19  0.00000000  0.00000000
      0.00389686      0.00092315  20  0.00487329  0.00097643
      0.00000000      0.00000000  21  0.00000000  0.00000000
 iter=  4| etot=  -245.49832980| mxforce=  0.000352 on c. 20| mxstep=  0.000642 for c. 20| dener= -.3080000E-06
 old coordinate |      force    |no.|new coord. |displacement
      1.30772031      0.00029268   1  1.30775373  0.00003342
      1.30772031      0.00029268   2  1.30775373  0.00003342
      1.40112049      0.00013495   3  1.40112555  0.00000506
      1.39220967      0.00022054   4  1.39223823  0.00002856
      1.40112049      0.00013495   5  1.40112555  0.00000506
      1.39220967      0.00022054   6  1.39223823  0.00002856
      1.08221331      0.00010785   7  1.08223206  0.00001875
      1.07947690     -0.00004024   8  1.07947074 -0.00000616
      1.07947690     -0.00004024   9  1.07947074 -0.00000616
     -0.06683547     -0.00016263  10 -0.06706826 -0.00023279
      0.00000000      0.00000000  11  0.00000000  0.00000000
     -0.16430602     -0.00000409  12 -0.16433660 -0.00003058
      0.00000000      0.00000000  13  0.00000000  0.00000000
      0.00000000      0.00000000  14  0.00000000  0.00000000
      0.00000000      0.00000000  15  0.00000000  0.00000000
      0.00000000     -0.00000000  16 -0.00000000 -0.00000000
      0.00000000      0.00000000  17  0.00000000  0.00000000
      0.00487329      0.00035206  18  0.00551524  0.00064194
      0.00000000      0.00000000  19  0.00000000  0.00000000
      0.00487329      0.00035206  20  0.00551524  0.00064194
      0.00000000      0.00000000  21  0.00000000  0.00000000
 iter=  5| etot=  -245.49832986| mxforce=  0.000051 on c.  6| mxstep=  0.000015 for c. 10| dener= -.5900000E-07
 old coordinate |      force    |no.|new coord. |displacement
      1.30775373      0.00005009   1  1.30775848  0.00000475
      1.30775373      0.00005009   2  1.30775848  0.00000475
      1.40112555      0.00000846   3  1.40112617  0.00000062
      1.39223823      0.00005147   4  1.39224447  0.00000624
      1.40112555      0.00000846   5  1.40112617  0.00000062
      1.39223823      0.00005147   6  1.39224447  0.00000624
      1.08223206     -0.00001913   7  1.08222842 -0.00000364
      1.07947074      0.00000895   8  1.07947240  0.00000166
      1.07947074      0.00000895   9  1.07947240  0.00000166
     -0.06706827      0.00002337  10 -0.06705364  0.00001463
      0.00000000     -0.00000000  11 -0.00000000 -0.00000000
     -0.16433660     -0.00000242  12 -0.16433869 -0.00000210
      0.00000000      0.00000000  13  0.00000000  0.00000000
      0.00000000      0.00000000  14  0.00000000  0.00000000
      0.00000000      0.00000000  15  0.00000000  0.00000000
      0.00000000      0.00000000  16  0.00000000  0.00000000
      0.00000000      0.00000000  17  0.00000000  0.00000000
      0.00551523      0.00000465  18  0.00552247  0.00000724
      0.00000000      0.00000000  19  0.00000000  0.00000000
      0.00551523      0.00000465  20  0.00552247  0.00000724
      0.00000000      0.00000000  21  0.00000000  0.00000000
