  0.000000000000000E+000  0.000000000000000E+000  0.000000000000000E+000
  0.000000000000000E+000  0.000000000000000E+000  0.000000000000000E+000
  0.000000000000000E+000  0.000000000000000E+000  0.000000000000000E+000
  0.000000000000000E+000  0.000000000000000E+000  0.000000000000000E+000
  -1.78359523440209       1.110223024625157E-016   2.22855306195548     
  0.000000000000000E+000  0.000000000000000E+000  0.000000000000000E+000
  0.000000000000000E+000  0.000000000000000E+000  0.000000000000000E+000
 -0.848675280251668       0.848675280251668       0.000000000000000E+000
  0.000000000000000E+000  0.000000000000000E+000  0.000000000000000E+000
  0.000000000000000E+000  0.000000000000000E+000  0.000000000000000E+000
  0.000000000000000E+000  0.404444796827260       0.000000000000000E+000
  0.000000000000000E+000  0.000000000000000E+000  0.000000000000000E+000
  0.000000000000000E+000  0.000000000000000E+000  0.000000000000000E+000
  0.000000000000000E+000  0.000000000000000E+000  0.000000000000000E+000
  0.528914235665625       0.528914235665625       0.000000000000000E+000
  0.000000000000000E+000  0.000000000000000E+000  0.000000000000000E+000
  0.000000000000000E+000  0.000000000000000E+000  0.000000000000000E+000
  -1.12402556513361       0.000000000000000E+000  -1.05974159602635     
  0.000000000000000E+000  0.000000000000000E+000  0.000000000000000E+000
  0.000000000000000E+000  0.000000000000000E+000  0.000000000000000E+000
  0.000000000000000E+000  0.000000000000000E+000  0.000000000000000E+000
  0.000000000000000E+000  0.000000000000000E+000  0.000000000000000E+000
  0.000000000000000E+000  0.000000000000000E+000  0.000000000000000E+000
  0.000000000000000E+000  0.000000000000000E+000  0.000000000000000E+000
  0.000000000000000E+000  0.000000000000000E+000  0.000000000000000E+000
  -1.57269980655155       0.000000000000000E+000  -1.93338657513579     
  0.000000000000000E+000  -2.33920201977545       0.000000000000000E+000
 -0.676617068387219       0.000000000000000E+000  0.676617068387219     
  0.000000000000000E+000  0.000000000000000E+000 -0.863514605138701     
  0.000000000000000E+000  0.863514605138701       0.000000000000000E+000
  0.000000000000000E+000  0.000000000000000E+000  0.000000000000000E+000
  0.000000000000000E+000 -0.359941898073251       0.000000000000000E+000
  0.000000000000000E+000  0.000000000000000E+000  0.000000000000000E+000
   1.81579110212054       0.000000000000000E+000 -0.254517384093893     
  0.000000000000000E+000  0.254517384093893       0.000000000000000E+000
  0.000000000000000E+000  0.000000000000000E+000 -0.504323831195942     
  0.000000000000000E+000 -0.504323831195942       0.000000000000000E+000
   1.00000000000000       0.000000000000000E+000  0.000000000000000E+000
   1.06746400475040       0.000000000000000E+000  -1.00641483893687     
  0.000000000000000E+000  0.000000000000000E+000  0.000000000000000E+000
  0.000000000000000E+000  0.000000000000000E+000  0.435790388698455     
  0.000000000000000E+000  0.435790388698455       0.000000000000000E+000
  0.000000000000000E+000  0.000000000000000E+000  0.000000000000000E+000
  0.000000000000000E+000  0.000000000000000E+000  0.000000000000000E+000
  0.000000000000000E+000  0.000000000000000E+000  0.000000000000000E+000
  0.000000000000000E+000  0.000000000000000E+000  0.000000000000000E+000
  0.935866459006523       -1.56228872618718       -2.16121414936370     
  0.000000000000000E+000  0.000000000000000E+000  0.000000000000000E+000
 -0.677636185988141       0.000000000000000E+000  0.000000000000000E+000
  0.848675280251668       0.000000000000000E+000  0.000000000000000E+000
 -7.185128894823931E-002  0.000000000000000E+000  0.000000000000000E+000
  0.000000000000000E+000  0.000000000000000E+000  0.000000000000000E+000
  0.350259478793213      -0.918633752549698       0.915175354398919     
  0.000000000000000E+000  0.000000000000000E+000  0.000000000000000E+000
  0.000000000000000E+000  0.000000000000000E+000  0.506579380633172     
  0.000000000000000E+000  0.000000000000000E+000  0.000000000000000E+000
 -0.528914235665625       0.000000000000000E+000  0.000000000000000E+000
  0.997415355945795       0.000000000000000E+000  0.000000000000000E+000
  0.000000000000000E+000  0.000000000000000E+000  0.000000000000000E+000
  0.562012782566806      -0.376086690483329       0.572008942700829     
  0.000000000000000E+000  0.000000000000000E+000  0.000000000000000E+000
  0.000000000000000E+000  0.000000000000000E+000  3.649270209859514E-002
  0.000000000000000E+000  0.000000000000000E+000  0.000000000000000E+000
  0.000000000000000E+000  0.000000000000000E+000  0.000000000000000E+000
  0.000000000000000E+000  0.000000000000000E+000  0.000000000000000E+000
  0.000000000000000E+000  0.000000000000000E+000  0.000000000000000E+000
  0.000000000000000E+000  0.000000000000000E+000  0.000000000000000E+000
  0.935866459006523        1.56228872618718       -2.16121414936370     
  0.000000000000000E+000  0.000000000000000E+000  0.000000000000000E+000
  0.000000000000000E+000  0.000000000000000E+000  0.677636185988141     
  0.000000000000000E+000 -0.848675280251668       0.000000000000000E+000
  0.000000000000000E+000  0.000000000000000E+000  7.185128894823931E-002
  0.000000000000000E+000  0.000000000000000E+000  0.000000000000000E+000
 -0.350259478793213      -0.918633752549698      -0.915175354398919     
  0.000000000000000E+000  0.000000000000000E+000  0.000000000000000E+000
  0.000000000000000E+000  0.000000000000000E+000  0.000000000000000E+000
  0.000000000000000E+000 -0.506579380633172       0.000000000000000E+000
  0.000000000000000E+000 -0.528914235665625       0.000000000000000E+000
  0.000000000000000E+000  0.000000000000000E+000  0.997415355945795     
  0.000000000000000E+000  0.000000000000000E+000  0.000000000000000E+000
  0.562012782566806       0.376086690483329       0.572008942700829     
  0.000000000000000E+000  0.000000000000000E+000  0.000000000000000E+000
  0.000000000000000E+000  0.000000000000000E+000  0.000000000000000E+000
  0.000000000000000E+000  3.649270209859514E-002  0.000000000000000E+000
  0.000000000000000E+000  0.000000000000000E+000  0.000000000000000E+000
  0.000000000000000E+000  0.000000000000000E+000  0.000000000000000E+000
  0.000000000000000E+000  0.000000000000000E+000  0.000000000000000E+000
  0.000000000000000E+000  0.000000000000000E+000  0.000000000000000E+000
  0.742281061470298        1.43311842370807        2.01363090595386     
  0.000000000000000E+000  0.707592889638865       0.000000000000000E+000
   2.28063315420737       0.000000000000000E+000  0.000000000000000E+000
  0.000000000000000E+000  0.000000000000000E+000  0.863514605138701     
  7.185128894823931E-002  0.000000000000000E+000  0.000000000000000E+000
  0.000000000000000E+000 -0.886420567803056       0.000000000000000E+000
  0.311718836795478       0.896382303172694      -0.878838884189093     
  0.000000000000000E+000  0.000000000000000E+000  0.000000000000000E+000
 -0.254517384093894       0.000000000000000E+000 -0.858481612195861     
  0.000000000000000E+000  0.000000000000000E+000  0.000000000000000E+000
  0.000000000000000E+000  0.000000000000000E+000  0.504323831195942     
 -0.997415355945795       0.000000000000000E+000  0.000000000000000E+000
  0.000000000000000E+000  0.462880737313304       0.000000000000000E+000
 -0.533732002375199      -0.256541837440162       0.461069274780781     
  0.000000000000000E+000  0.000000000000000E+000  0.000000000000000E+000
  0.435790388698455       0.000000000000000E+000  -1.63358183733223     
  0.000000000000000E+000  0.000000000000000E+000  0.000000000000000E+000
  0.000000000000000E+000  0.000000000000000E+000  0.000000000000000E+000
  0.000000000000000E+000  0.000000000000000E+000  0.000000000000000E+000
  0.000000000000000E+000  0.000000000000000E+000  0.000000000000000E+000
  0.000000000000000E+000  0.000000000000000E+000  0.000000000000000E+000
  0.742281061470298       -1.43311842370807        2.01363090595386     
  0.000000000000000E+000  0.707592889638865       0.000000000000000E+000
  0.000000000000000E+000  0.000000000000000E+000  -2.28063315420737     
  0.000000000000000E+000  0.000000000000000E+000  0.000000000000000E+000
  0.000000000000000E+000 -0.863514605138701      -7.185128894823931E-002
  0.000000000000000E+000  0.000000000000000E+000  0.886420567803056     
 -0.311718836795478       0.896382303172694       0.878838884189093     
  0.000000000000000E+000  0.000000000000000E+000  0.000000000000000E+000
 -0.254517384093894       0.000000000000000E+000  0.000000000000000E+000
  0.000000000000000E+000  0.858481612195861       0.000000000000000E+000
  0.000000000000000E+000  0.000000000000000E+000  0.000000000000000E+000
  0.000000000000000E+000  0.504323831195942      -0.997415355945795     
  0.000000000000000E+000  0.000000000000000E+000  0.462880737313304     
 -0.533732002375199       0.256541837440162       0.461069274780781     
  0.000000000000000E+000  0.000000000000000E+000  0.000000000000000E+000
 -0.435790388698455       0.000000000000000E+000  0.000000000000000E+000
  0.000000000000000E+000  -1.63358183733223       0.000000000000000E+000
  0.000000000000000E+000  0.000000000000000E+000  0.000000000000000E+000
  0.000000000000000E+000  0.000000000000000E+000  0.000000000000000E+000
  0.000000000000000E+000  0.000000000000000E+000  0.000000000000000E+000
  0.000000000000000E+000  0.000000000000000E+000  0.000000000000000E+000
  0.000000000000000E+000  0.000000000000000E+000  0.000000000000000E+000
  0.000000000000000E+000  0.924016240497725       0.000000000000000E+000
  0.000000000000000E+000  0.000000000000000E+000  0.000000000000000E+000
  0.000000000000000E+000  0.000000000000000E+000  0.000000000000000E+000
  0.000000000000000E+000  0.000000000000000E+000  0.000000000000000E+000
  0.000000000000000E+000  0.000000000000000E+000  0.000000000000000E+000
  0.000000000000000E+000  0.000000000000000E+000  0.000000000000000E+000
  0.000000000000000E+000  0.000000000000000E+000  0.000000000000000E+000
  -1.30675633393275       0.000000000000000E+000  0.000000000000000E+000
  0.000000000000000E+000  0.000000000000000E+000  0.000000000000000E+000
  0.000000000000000E+000  0.000000000000000E+000  0.000000000000000E+000
  0.000000000000000E+000  0.000000000000000E+000  0.000000000000000E+000
  -1.00000000000000       0.000000000000000E+000  0.000000000000000E+000
  0.000000000000000E+000  0.000000000000000E+000  0.000000000000000E+000
  0.000000000000000E+000  0.000000000000000E+000  0.000000000000000E+000
  0.000000000000000E+000  0.000000000000000E+000  0.000000000000000E+000
  0.000000000000000E+000  0.000000000000000E+000  0.000000000000000E+000
  0.000000000000000E+000  0.000000000000000E+000  0.000000000000000E+000
  0.000000000000000E+000  0.000000000000000E+000  0.000000000000000E+000
  0.000000000000000E+000  0.000000000000000E+000  0.000000000000000E+000
  0.000000000000000E+000  0.000000000000000E+000  0.000000000000000E+000
  0.000000000000000E+000  0.000000000000000E+000  0.000000000000000E+000
  0.000000000000000E+000  0.000000000000000E+000  0.000000000000000E+000
 -0.926379899832005       0.000000000000000E+000  0.000000000000000E+000
  0.000000000000000E+000  0.000000000000000E+000  0.000000000000000E+000
  0.000000000000000E+000  0.000000000000000E+000  0.000000000000000E+000
  0.000000000000000E+000  0.886420567803056       0.000000000000000E+000
  0.000000000000000E+000  0.000000000000000E+000  0.000000000000000E+000
  0.000000000000000E+000  0.000000000000000E+000  0.000000000000000E+000
  0.000000000000000E+000  0.000000000000000E+000  0.606419615656583     
  0.000000000000000E+000  0.000000000000000E+000  0.000000000000000E+000
  0.000000000000000E+000  0.000000000000000E+000  0.000000000000000E+000
  0.000000000000000E+000  0.000000000000000E+000  0.000000000000000E+000
  0.000000000000000E+000 -0.462880737313304       0.000000000000000E+000
  0.000000000000000E+000  0.000000000000000E+000  0.000000000000000E+000
  0.000000000000000E+000  0.000000000000000E+000  0.000000000000000E+000
  0.000000000000000E+000  0.000000000000000E+000   1.16129874653518     
  0.000000000000000E+000  0.000000000000000E+000  0.000000000000000E+000
  0.000000000000000E+000  0.000000000000000E+000  0.000000000000000E+000
  0.000000000000000E+000  0.000000000000000E+000  0.000000000000000E+000
  0.000000000000000E+000  0.000000000000000E+000  0.000000000000000E+000
  0.000000000000000E+000  0.000000000000000E+000  0.000000000000000E+000
  0.000000000000000E+000  0.000000000000000E+000  0.000000000000000E+000
  0.000000000000000E+000  0.000000000000000E+000  0.000000000000000E+000
  0.000000000000000E+000  0.000000000000000E+000  0.926379899832005     
  0.000000000000000E+000  0.000000000000000E+000  0.000000000000000E+000
  0.000000000000000E+000  0.000000000000000E+000  0.000000000000000E+000
  0.000000000000000E+000  0.000000000000000E+000 -0.886420567803056     
  0.000000000000000E+000  0.000000000000000E+000  0.000000000000000E+000
  0.000000000000000E+000  0.000000000000000E+000  0.000000000000000E+000
  0.000000000000000E+000  0.000000000000000E+000  0.000000000000000E+000
  0.000000000000000E+000 -0.606419615656583       0.000000000000000E+000
  0.000000000000000E+000  0.000000000000000E+000  0.000000000000000E+000
  0.000000000000000E+000  0.000000000000000E+000  0.000000000000000E+000
  0.000000000000000E+000  0.000000000000000E+000 -0.462880737313304     
  0.000000000000000E+000  0.000000000000000E+000  0.000000000000000E+000
  0.000000000000000E+000  0.000000000000000E+000  0.000000000000000E+000
  0.000000000000000E+000  0.000000000000000E+000  0.000000000000000E+000
  0.000000000000000E+000   1.16129874653518       0.000000000000000E+000
