converged; convergence reached          
 N      7.    0.00000000    0.00000000    2.79339714   14.00307401
 C      6.    0.00000000   -0.00000000   -2.47317399   12.00000000
 C      6.    0.00000000    2.09733937    1.48629466   12.00000000
 C      6.    0.00000000   -2.09733937    1.48629466   12.00000000
 C      6.    0.00000000    2.28637353   -1.13786607   12.00000000
 C      6.    0.00000000   -2.28637353   -1.13786607   12.00000000
 H      1.    0.00000000    0.00000000   -4.51828916    1.00782504
 H      1.    0.00000000    4.09459063   -2.08209684    1.00782504
 H      1.    0.00000000   -4.09459063   -2.08209684    1.00782504
