    10.087090     0.187080     0.247704     0.087235     0.247704     0.087235     0.110562    -0.037704
    -0.037704     0.083600     0.000000     0.050194     0.000000     0.000000     0.000000    -0.000000
     0.000000    -0.069979     0.000000    -0.069979     0.000000
     0.187080    10.087090     0.247704     0.087235     0.247704     0.087235     0.110562    -0.037704
    -0.037704     0.083600     0.000000     0.050194     0.000000     0.000000     0.000000    -0.000000
     0.000000    -0.069979     0.000000    -0.069979     0.000000
     0.247704     0.247704     7.835374     0.063280     0.235377     0.063280     0.109120    -0.025837
    -0.025837     0.039735     0.000000     0.037788     0.000000     0.000000     0.000000    -0.000000
     0.000000     0.057247     0.000000     0.057247     0.000000
     0.087235     0.087235     0.063280     8.303562     0.063280     0.303562     0.002429    -0.034774
    -0.034774    -0.053852     0.000000     0.052218     0.000000     0.000000     0.000000    -0.000000
     0.000000    -0.073717     0.000000    -0.073717     0.000000
     0.247704     0.247704     0.235377     0.063280     7.835374     0.063280     0.109120    -0.025837
    -0.025837     0.039735     0.000000     0.037788     0.000000     0.000000     0.000000    -0.000000
     0.000000     0.057247     0.000000     0.057247     0.000000
     0.087235     0.087235     0.063280     0.303562     0.063280     8.303562     0.002429    -0.034774
    -0.034774    -0.053852     0.000000     0.052218     0.000000     0.000000     0.000000    -0.000000
     0.000000    -0.073717     0.000000    -0.073717     0.000000
     0.110562     0.110562     0.109120     0.002429     0.109120     0.002429     5.547657    -0.007879
    -0.007879     0.025389     0.000000     0.020800     0.000000     0.000000     0.000000    -0.000000
     0.000000     0.016182     0.000000     0.016182     0.000000
    -0.037704    -0.037704    -0.025837    -0.034774    -0.025837    -0.034774    -0.007879     5.504041
     0.004036     0.008027    -0.000000    -0.009990     0.000000     0.000000     0.000000     0.000000
     0.000000    -0.006857     0.000000    -0.006857     0.000000
    -0.037704    -0.037704    -0.025837    -0.034774    -0.025837    -0.034774    -0.007879     0.004036
     5.504041     0.008027    -0.000000    -0.009990     0.000000     0.000000     0.000000     0.000000
     0.000000    -0.006857     0.000000    -0.006857     0.000000
     0.083600     0.083600     0.039735    -0.053852     0.039735    -0.053852     0.025389     0.008027
     0.008027     1.401599    -0.000000    -0.012125     0.000000     0.000000     0.000000     0.000000
     0.000000     0.106419     0.000000     0.106419     0.000000
     0.000000     0.000000     0.000000     0.000000     0.000000     0.000000     0.000000    -0.000000
    -0.000000    -0.000000     1.399999    -0.000000     0.000000     0.000000     0.000000    -0.000000
     0.000000     0.000000     0.000000     0.000000     0.000000
     0.050194     0.050194     0.037788     0.052218     0.037788     0.052218     0.020800    -0.009990
    -0.009990    -0.012125    -0.000000     1.505350     0.000000     0.000000     0.000000     0.000000
     0.000000     0.026720     0.000000     0.026720     0.000000
     0.000000     0.000000     0.000000     0.000000     0.000000     0.000000     0.000000     0.000000
     0.000000     0.000000     0.000000     0.000000     0.430000     0.000000     0.000000     0.000000
     0.000000     0.000000     0.000000     0.000000     0.000000
     0.000000     0.000000     0.000000     0.000000     0.000000     0.000000     0.000000     0.000000
     0.000000     0.000000     0.000000     0.000000     0.000000     0.430000     0.000000     0.000000
     0.000000     0.000000     0.000000     0.000000     0.000000
     0.000000     0.000000     0.000000     0.000000     0.000000     0.000000     0.000000     0.000000
     0.000000     0.000000     0.000000     0.000000     0.000000     0.000000     0.560000     0.000000
     0.000000     0.000000     0.000000     0.000000     0.000000
    -0.000000    -0.000000    -0.000000    -0.000000    -0.000000    -0.000000    -0.000000     0.000000
     0.000000     0.000000    -0.000000     0.000000     0.000000     0.000000     0.000000     1.000000
     0.000000    -0.000000     0.000000    -0.000000     0.000000
     0.000000     0.000000     0.000000     0.000000     0.000000     0.000000     0.000000     0.000000
     0.000000     0.000000     0.000000     0.000000     0.000000     0.000000     0.000000     0.000000
     1.000000     0.000000     0.000000     0.000000     0.000000
    -0.069979    -0.069979     0.057247    -0.073717     0.057247    -0.073717     0.016182    -0.006857
    -0.006857     0.106419     0.000000     0.026720     0.000000     0.000000     0.000000    -0.000000
     0.000000     0.796696     0.000000    -0.203304     0.000000
     0.000000     0.000000     0.000000     0.000000     0.000000     0.000000     0.000000     0.000000
     0.000000     0.000000     0.000000     0.000000     0.000000     0.000000     0.000000     0.000000
     0.000000     0.000000     1.000000     0.000000     0.000000
    -0.069979    -0.069979     0.057247    -0.073717     0.057247    -0.073717     0.016182    -0.006857
    -0.006857     0.106419     0.000000     0.026720     0.000000     0.000000     0.000000    -0.000000
     0.000000    -0.203304     0.000000     0.796696     0.000000
     0.000000     0.000000     0.000000     0.000000     0.000000     0.000000     0.000000     0.000000
     0.000000     0.000000     0.000000     0.000000     0.000000     0.000000     0.000000     0.000000
     0.000000     0.000000     0.000000     0.000000     1.000000
