     0.099625    -0.001385    -0.003112    -0.000738    -0.003112    -0.000738    -0.001863     0.000670
     0.000670    -0.007815    -0.000000    -0.003581     0.000000     0.000000     0.000000     0.000000
     0.000000     0.013632     0.000000     0.013632     0.000000
    -0.001385     0.099625    -0.003112    -0.000738    -0.003112    -0.000738    -0.001863     0.000670
     0.000670    -0.007815    -0.000000    -0.003581     0.000000     0.000000     0.000000     0.000000
     0.000000     0.013632     0.000000     0.013632     0.000000
    -0.003112    -0.003112     0.128179    -0.001060    -0.003400    -0.001060    -0.002239     0.000492
     0.000492    -0.001317    -0.000000    -0.002376     0.000000     0.000000     0.000000     0.000000
     0.000000    -0.012620     0.000000    -0.012620     0.000000
    -0.000738    -0.000738    -0.001060     0.120915    -0.001060    -0.004085    -0.000056     0.000742
     0.000742     0.002415    -0.000000    -0.004429     0.000000     0.000000     0.000000     0.000000
     0.000000     0.014329     0.000000     0.014329     0.000000
    -0.003112    -0.003112    -0.003400    -0.001060     0.128179    -0.001060    -0.002239     0.000492
     0.000492    -0.001317    -0.000000    -0.002376     0.000000     0.000000     0.000000     0.000000
     0.000000    -0.012620     0.000000    -0.012620     0.000000
    -0.000738    -0.000738    -0.001060    -0.004085    -0.001060     0.120915    -0.000056     0.000742
     0.000742     0.002415    -0.000000    -0.004429     0.000000     0.000000     0.000000     0.000000
     0.000000     0.014329     0.000000     0.014329     0.000000
    -0.001863    -0.001863    -0.002239    -0.000056    -0.002239    -0.000056     0.180463     0.000199
     0.000199    -0.002271    -0.000000    -0.002111     0.000000     0.000000     0.000000     0.000000
     0.000000    -0.004436     0.000000    -0.004436     0.000000
     0.000670     0.000670     0.000492     0.000742     0.000492     0.000742     0.000199     0.181719
    -0.000099    -0.001475     0.000000     0.000979     0.000000     0.000000     0.000000    -0.000000
     0.000000     0.002561     0.000000     0.002561     0.000000
     0.000670     0.000670     0.000492     0.000742     0.000492     0.000742     0.000199    -0.000099
     0.181719    -0.001475     0.000000     0.000979     0.000000     0.000000     0.000000    -0.000000
     0.000000     0.002561     0.000000     0.002561     0.000000
    -0.007815    -0.007815    -0.001317     0.002415    -0.001317     0.002415    -0.002271    -0.001475
    -0.001475     0.735057     0.000000     0.011084     0.000000     0.000000     0.000000    -0.000000
     0.000000    -0.133286     0.000000    -0.133286     0.000000
    -0.000000    -0.000000    -0.000000    -0.000000    -0.000000    -0.000000    -0.000000     0.000000
     0.000000     0.000000     0.714286     0.000000     0.000000     0.000000     0.000000     0.000000
     0.000000    -0.000000     0.000000    -0.000000     0.000000
    -0.003581    -0.003581    -0.002376    -0.004429    -0.002376    -0.004429    -0.002111     0.000979
     0.000979     0.011084     0.000000     0.666280     0.000000     0.000000     0.000000    -0.000000
     0.000000    -0.033396     0.000000    -0.033396     0.000000
     0.000000     0.000000     0.000000     0.000000     0.000000     0.000000     0.000000     0.000000
     0.000000     0.000000     0.000000     0.000000     2.325581     0.000000     0.000000     0.000000
     0.000000     0.000000     0.000000     0.000000     0.000000
     0.000000     0.000000     0.000000     0.000000     0.000000     0.000000     0.000000     0.000000
     0.000000     0.000000     0.000000     0.000000     0.000000     2.325581     0.000000     0.000000
     0.000000     0.000000     0.000000     0.000000     0.000000
     0.000000     0.000000     0.000000     0.000000     0.000000     0.000000     0.000000     0.000000
     0.000000     0.000000     0.000000     0.000000     0.000000     0.000000     1.785714     0.000000
     0.000000     0.000000     0.000000     0.000000     0.000000
     0.000000     0.000000     0.000000     0.000000     0.000000     0.000000     0.000000    -0.000000
    -0.000000    -0.000000     0.000000    -0.000000     0.000000     0.000000     0.000000     1.000000
     0.000000     0.000000     0.000000     0.000000     0.000000
     0.000000     0.000000     0.000000     0.000000     0.000000     0.000000     0.000000     0.000000
     0.000000     0.000000     0.000000     0.000000     0.000000     0.000000     0.000000     0.000000
     1.000000     0.000000     0.000000     0.000000     0.000000
     0.013632     0.013632    -0.012620     0.014329    -0.012620     0.014329    -0.004436     0.002561
     0.002561    -0.133286    -0.000000    -0.033396     0.000000     0.000000     0.000000     0.000000
     0.000000     1.377412     0.000000     0.377412     0.000000
     0.000000     0.000000     0.000000     0.000000     0.000000     0.000000     0.000000     0.000000
     0.000000     0.000000     0.000000     0.000000     0.000000     0.000000     0.000000     0.000000
     0.000000     0.000000     1.000000     0.000000     0.000000
     0.013632     0.013632    -0.012620     0.014329    -0.012620     0.014329    -0.004436     0.002561
     0.002561    -0.133286    -0.000000    -0.033396     0.000000     0.000000     0.000000     0.000000
     0.000000     0.377412     0.000000     1.377412     0.000000
     0.000000     0.000000     0.000000     0.000000     0.000000     0.000000     0.000000     0.000000
     0.000000     0.000000     0.000000     0.000000     0.000000     0.000000     0.000000     0.000000
     0.000000     0.000000     0.000000     0.000000     1.000000
