 title                                                                          
(16i5)              mcdrt
    2 1600   10
(20i4)              info
  16   8   4  62   3   3  40   8 604 604
(8a4)               slabel
 a1  b1  b2  a2 
(26i3)              doub
  1  2  3  4  5  6  7  8  9 10  1  2  3  4  5  6
(40i2)              symd
 1 1 1 1 1 1 1 1 1 1 3 3 3 3 3 3
(26i3)              modrt
 11  1  2  3  4  7  1  2
(80i1)              syml
12222344
(26i3)              nj
  1  3  6 10 13 15  9  4  1
(26i3)              njskp
  0  1  4 10 20 33 48 57 61
(40i2)              a
 0 1 0 0 2 1 1 0 0 0 3 2 2 1 1 1 0 0 0 0 3 3 2 2 2 1 1 1 1 0 0 0 0 3 3 3 2 2 2 2
 1 1 1 1 0 0 0 0 3 3 3 2 2 2 1 1 1 3 3 2 2 3
(40i2)              b
 0 0 1 0 0 1 0 2 1 0 0 1 0 2 1 0 3 2 1 0 1 0 2 1 0 3 2 1 0 4 3 2 1 2 1 0 3 2 1 0
 4 3 2 1 5 4 3 2 2 1 0 3 2 1 4 3 2 2 1 3 2 2
(26i3)              l
  4  3  0  2  7  6  0  5  9  8  7  6 10  9  0  7 13 12  0 11 15 14 13 12 16 15
  0 13 18 17 15 14 19 18 16 15 20 19  0 16 22 21  0  0 24 23 22 21 25 24  0 22
 27 26 24 23 28 27 25 24 29 28  0 25 31 30 27 26 32 31 28 27 33 32 29 28  0 33
  0 29 35 34  0  0 36 35  0  0 38 37 35 34 39 38 36 35 40 39  0 36 42 41 38 37
 43 42 39 38 44 43 40 39  0 44  0 40 46 45 42 41 47 46 43 42 48 47 44 43  0 48
  0 44 49  0  0  0 50 49  0  0 51 50  0  0 52  0 49  0 53 52 50 49 54 53 51 50
  0 54  0 51 55  0 52  0 56 55 53 52 57 56 54 53  0 57  0 54  0  0 55  0  0  0
 56 55  0  0 57 56  0  0  0 57 58  0  0  0 59 58  0  0  0 59  0  0 60  0 58  0
 61 60 59 58  0 61  0 59  0  0 60  0  0  0 61 60  0  0  0 61 62  0  0  0  0 62
  0  0  0  0 62  0  0  0  0 62  0  0  0  0
(20i4)              y
 430 442 452 440 142 146 152 148 142 146 152 148   0   0   0   0 100  98 104  97
  25  26  30  24  25  26  30  24   0   0   0   0 216 221 227 218 120 117 124 122
  72  75  73  74   0   0   0   0 117 120 122 124  42  48  48  51  42  48  48  51
   0   0   0   0  16  14  18  12   2   2   4   2   2   2   4   2   0   0   0   0
  48  51  46  50  24  23  22  26  12  14  10  14   0   0   0   0  33  36  36  39
   9  12  12  12   9  12  12  12   0   0   0   0  76  72  72  79  52  48  48  51
  28  24  24  24   0   0   0   0  60  61  63  60  36  33  39  36  24  24  27  24
   0   0   0   0  23  24  26  22   9  12  12  12   9  12  12  12   0   0   0   0
   1   0   2   1   0   0   0   0   0   0   0   0   0   0   0   0   6   8   4   8
   2   2   2   4   0   1   1   2   0   0   0   0   7   8   8   7   1   2   2   1
   1   2   2   1   0   0   0   0  18  16  16  14  12  10  10   8   6   4   4   2
   0   0   0   0  18  18  21  18  10   8  11  10   6   6   6   6   0   0   0   0
   8  10  10  11   2   4   4   5   2   4   4   5   0   0   0   0  18  18  22  18
  14  16  16  14   6   6   6   6   0   0   0   0  22  20  20  22  16  14  14  16
  10   8   8  10   0   0   0   0  12  13   9  12   8   7   7   8   6   6   6   6
   0   0   0   0   2   2   4   2   1   2   2   1   1   2   2   1   0   0   0   0
   0   1   0   0   0   0   0   0   0   0   0   0   0   0   0   0   0   0   2   1
   0   0   0   0   0   0   0   0   0   0   0   0   1   0   4   2   1   0   2   1
   1   0   0   0   0   0   0   0   6   6   1   2   2   1   1   2   0   0   1   2
   0   0   0   0   1   2   4   5   1   2   0   0   1   2   0   0   0   0   0   0
   6   6   1   2   4   5   1   2   0   0   1   2   0   0   0   0   5   4   8  10
   5   4   4   5   5   4   0   0   0   0   0   0   6   6   5   4   2   1   5   4
   0   0   5   4   0   0   0   0   1   2   2   1   1   2   0   0   1   2   0   0
   0   0   0   0   1   2   4   6   1   2   4   5   1   2   0   0   0   0   0   0
   6   6   5   4   4   5   5   4   0   0   5   4   0   0   0   0   5   4   4   2
   5   4   2   1   5   4   0   0   0   0   0   0   0   1   1   2   0   0   1   2
   0   0   1   2   0   0   0   0   0   0   0   0   0   0   0   0   0   0   0   0
   0   0   0   0   0   0   1   0   0   0   0   0   0   0   0   0   0   0   0   0
   0   2   0   0   0   0   0   0   0   0   0   0   0   0   0   0   0   0   1   0
   0   0   1   0   0   0   0   0   0   0   0   0   1   4   0   0   1   2   0   0
   1   0   0   0   0   0   0   0   0   0   5   2   0   0   1   2   0   0   0   2
   0   0   0   0   1   2   0   0   1   0   0   0   1   0   0   0   0   0   0   0
   0   2   0   0   0   2   0   0   0   0   0   0   0   0   0   0   0   0   5   2
   0   0   4   2   0   0   0   2   0   0   0   0   4   4   0   0   4   2   0   0
   4   0   0   0   0   0   0   0   0   0   1   2   0   0   0   2   0   0   0   2
   0   0   0   0   0   0   1   0   0   0   1   0   0   0   0   0   0   0   0   0
   1   2   0   0   1   2   0   0   1   0   0   0   0   0   0   0   0   0   1   2
   0   0   1   2   0   0   0   2   0   0   0   0   1   0   0   0   1   0   0   0
   1   0   0   0   0   0   0   0   0   0   0   0   0   0   0   0   0   0   0   0
   0   0   0   0   0   0   0   1   0   0   0   0   0   0   0   0   0   0   0   0
   1   0   0   0   0   0   0   0   0   0   0   0   0   0   0   0   0   0   0   1
   0   0   0   1   0   0   0   0   0   0   0   0   3   0   0   0   2   0   0   0
   1   0   0   0   0   0   0   0   0   0   0   2   0   0   0   1   0   0   0   1
   0   0   0   0   1   0   0   0   1   0   0   0   0   0   0   0   0   0   0   0
   0   0   0   2   0   0   0   2   0   0   0   1   0   0   0   0   1   0   0   0
   1   0   0   0   1   0   0   0   0   0   0   0   0   0   0   0   0   0   0   0
   0   0   0   0   0   0   0   0   0   0   0   1   0   0   0   0   0   0   0   0
   0   0   0   0   0   0   0   1   0   0   0   1   0   0   0   0   0   0   0   0
   1   0   0   0   1   0   0   0   1   0   0   0   0   0   0   0   0   0   0   0
   0   0   0   0   0   0   0   0   0   0   0   0
(20i4)              xbar
 572 588 604 588 142 146 152 148 288 296 300 292 142 146 152 148  25  26  30  24
  72  75  73  74  42  48  48  51 104  96  96 103  72  75  73  74  25  26  30  24
   2   2   4   2  12  14  10  14   9  12  12  12  28  24  24  24  24  24  27  24
   9  12  12  12  24  24  28  24  28  24  24  24  12  14  10  14   2   2   4   2
   0   1   1   2   1   2   2   1   6   4   4   2   6   6   6   6   2   4   4   5
   6   6   6   6  10   8   8  10   6   6   6   6   1   2   2   1   2   4   4   6
   6   6   6   6   6   4   4   2   0   1   1   2   1   0   0   0   0   0   1   2
   1   2   0   0   0   0   1   2   5   4   0   0   0   0   5   4   1   2   0   0
   1   2   0   0   0   0   5   4   5   4   0   0   0   0   1   2   0   0   1   0
   1   2   0   0   0   0   1   2   1   0   0   0   1   0   0   0   0   0   0   2
   1   0   0   0   0   0   0   2   4   0   0   0   0   0   0   2   1   0   0   0
   0   0   0   2   1   0   0   0   1   0   0   0   0   0   0   1   0   0   0   1
   1   0   0   0   1   0   0   0
(20i4)              xp
   0   0   1   0   0   0   1   0   0   0   1   0   0   0   1   0   0   0   1   0
   0   0   1   1   0   0   2   1   0   0   0   1   0   0   1   1   0   0   1   0
   0   0   1   0   0   0   1   2   0   0   4   2   0   0   1   2   0   0   4   4
   0   0   4   2   0   0   1   0   0   0   1   2   0   0   1   2   0   0   1   0
   0   0   1   3   0   0   7   3   0   0   3   3   0   0   9  11   0   0  12   8
   0   0   3   1   0   0   6   9   0   0   9  11   0   0   7   3   0   0   0   1
   0   0   3   1   0   0   3   3   0   0   1   3   0   0   6   4   0   0  16  24
   0   0  30  20   0   0   6   4   0   0  21  24   0   0  35  40   0   0  30  20
   0   0   1   4   0   0  16   8   0   0  21  24   0   0  16  24   0   0   1   0
   0   0   1   4   0   0   6   4   0   0   6   4  22  28  27  28  51  44  51  64
  35  40  60  40  22  28  22  12  51  48  42  48  51  44  51  64  17   8   2   8
  22  28  22  12  22  28  27  28 149 149 141 149 190 190 190 214 100 100 100  92
 149 149 141 149 604 588 572 588
(20i4)              z
   0  46  22   0   0  46  22   0  46   0   0  25 213  46  31   4   0  46  22   0
  46   0   0  24 213  46  30   3   0  46  35   6  46 213  15  45 213  46  68 230
   0  46  22   0  46   0   0  23 213  46  28   2   0  46  34   5  46 213  12  42
 213  46  65 228  46  22  21  90  22  46  74 237 339 248 247  84 248 339 356 594
   0   0   0  22 213  46  25   1   0  46  32   4  46 213   7  35 213  46  57 222
  46  22  19  89  22  46  69 230 339 248 239  75 248 339 350 591 426  90  97 145
 339 149 146  97 149 339 357 594   0 604 597 360   0   0   0   0   0   0   0  22
 213  46   0   0   0   0  16  86  22  46   0   0   0   0 213  46 248 339   0   0
 426  90   0   0   0   0 133  90 149 339   0   0   0   0 582 339   0   0 442   0
 443 451   0   0   0   0 598 451 604   0   0   0   0   0   0   0   0   0   0  22
 213   0   0   0   0   0   0  86  98   0   0   0   0   0   0 299 426   0   0   0
   0   0   0 443 582   0   0   0   0   0   0   0   0   0   0 149   0   0   0 363
 455   0   0   0   0   0   0   0
(80i1)              limvec
11111111111111111111111111111111111111111111111111111111111111111111111111111111
11111111111111111111111111111111111111111111111111111111111111111111111111111111
11111111111111111111111111111111111111111111111111111111111111111111111111111111
11111111111111111111111111111111111111111111111111111111111111111111111111111111
11111111111111111111111111111111111111111111111111111111111111111111111111111111
11111111111111111111111111111111111111111111111111111111111111111111111111111111
11111111111111111111111111111111111111111111111111111111111111111111111111111111
11111111111111111111111111111111111111111111
(20i4)              r
 152 153 162 225 154 174 276 156 163 226 176 278 198 237 300 379 155 175 277 182
 284 327   0   4  30   2   6  32  18  44 104 452   8  34  56  12  38  20  46 106
 454  60  80 116 464 500  14  40  22  48 108 456  62  82 118 466 502  26  52 112
 460  86 122 470 506 140 488 524 574  72  90 126 474 510 536  98 134 482 518 144
 492 528 578 544 560 586  10  36  58  66  68  76  94 130 478 514 540 550 158 165
 228 178 280 200 239 302 381 170 233 205 244 307 386 265 407 189 291 210 249 312
 391 334 356 419 220 259 322 401 270 412 366 429 443 183 285 328 193 295 214 253
 316 395 338 360 423 343 349 371 434   1   5  31   3   7  33  19  45 105 453   9
  35  57  13  39  21  47 107 455  61  81 117 465 501  15  41  23  49 109 457  63
  83 119 467 503  27  53 113 461  87 123 471 507 141 489 525 575  73  91 127 475
 511 537  99 135 483 519 145 493 529 579 545 561 587 157 164 227 177 279 199 238
 301 380 169 232 204 243 306 385 264 406 188 290 209 248 311 390 333 355 418 219
 258 321 400 269 411 365 428 442 159 166 229 179 281 201 240 303 382 171 234 206
 245 308 387 266 408 190 292 211 250 313 392 335 357 420 221 260 323 402 271 413
 367 430 444 184 286 329 194 296 215 254 317 396 339 361 424 344 350 372 435  16
  42  24  50 110 458  64  84 120 468 504  28  54 114 462  88 124 472 508 142 490
 526 576  74  92 128 476 512 538 100 136 484 520 146 494 530 580 546 562 588 102
 138 486 522 148 496 532 582 548 564 590 150 498 534 584 566 592 600 556 568 594
 572 598 602  11  37  59  67  69  77  95 131 479 515 541 551 160 167 230 180 282
 202 241 304 383 172 235 207 246 309 388 267 409 191 293 212 251 314 393 336 358
 421 222 261 324 403 272 414 368 431 445 185 287 330 195 297 216 255 318 397 340
 362 425 345 351 373 436 187 289 332 197 299 218 257 320 399 342 364 427 347 353
 375 438 348  70  78  96 132 480 516 542 552 554 558 570 596 161 168 231 181 283
 203 242 305 384 173 236 208 247 310 389 268 410 192 294 213 252 315 394 337 359
 422 223 262 325 404 273 415 369 432 446 186 288 331 196 298 217 256 319 398 341
 363 426 346 352 374 437  17  43  25  51 111 459  65  85 121 469 505  29  55 115
 463  89 125 473 509 143 491 527 577  75  93 129 477 513 539 101 137 485 521 147
 495 531 581 547 563 589 103 139 487 523 149 497 533 583 549 565 591 151 499 535
 585 567 593 601 557 569 595 573 599 603  71  79  97 133 481 517 543 553 555 559
 571 597 224 263 326 405 274 416 370 433 447 275 417 448 377 440 449 451 354 376
 439 378 441 450
(80i1)
33310010
33310001
33301010
33301001
33130010
33130001
33121010
33121001
33112010
33112001
33111020
33111002
33103010
33103001
33100310
33100301
33100031
33100013
33031010
33031001
33013010
33013001
33010310
33010301
33010031
33010013
33001310
33001301
33001031
33001013
31330010
31330001
31321010
31321001
31312010
31312001
31311020
31311002
31303010
31303001
31300310
31300301
31300031
31300013
31231010
31231001
31213010
31213001
31210310
31210301
31210031
31210013
31201310
31201301
31201031
31201013
31132010
31132001
31131020
31131002
31123010
31123001
31120310
31120301
31120031
31120013
31113020
31113002
31110320
31110302
31110032
31110023
31102310
31102301
31102031
31102013
31101320
31101302
31101032
31101023
31033010
31033001
31030310
31030301
31030031
31030013
31021310
31021301
31021031
31021013
31012310
31012301
31012031
31012013
31011320
31011302
31011032
31011023
31003310
31003301
31003031
31003013
31000331
31000313
30331010
30331001
30313010
30313001
30310310
30310301
30310031
30310013
30301310
30301301
30301031
30301013
30133010
30133001
30130310
30130301
30130031
30130013
30121310
30121301
30121031
30121013
30112310
30112301
30112031
30112013
30111320
30111302
30111032
30111023
30103310
30103301
30103031
30103013
30100331
30100313
30031310
30031301
30031031
30031013
30013310
30013301
30013031
30013013
30010331
30010313
30001331
30001313
13330100
13321100
13312100
13311200
13303100
13300211
13300130
13300121
13300112
13300103
13231100
13213100
13210211
13210130
13210121
13210112
13210103
13201211
13201130
13201121
13201112
13201103
13132100
13131200
13123100
13120211
13120130
13120121
13120112
13120103
13113200
13110230
13110221
13110212
13110203
13110122
13102211
13102130
13102121
13102112
13102103
13101230
13101221
13101212
13101203
13101122
13033100
13030211
13030130
13030121
13030112
13030103
13021211
13021130
13021121
13021112
13021103
13012211
13012130
13012121
13012112
13012103
13011230
13011221
13011212
13011203
13011122
13003211
13003130
13003121
13003112
13003103
13000133
12331100
12313100
12310211
12310130
12310121
12310112
12310103
12301211
12301130
12301121
12301112
12301103
12133100
12130211
12130130
12130121
12130112
12130103
12121211
12121130
12121121
12121112
12121103
12112211
12112130
12112121
12112112
12112103
12111230
12111221
12111212
12111203
12111122
12103211
12103130
12103121
12103112
12103103
12100133
12031211
12031130
12031121
12031112
12031103
12013211
12013130
12013121
12013112
12013103
12010133
12001133
11332100
11331200
11323100
11320211
11320130
11320121
11320112
11320103
11313200
11310230
11310221
11310212
11310203
11310122
11302211
11302130
11302121
11302112
11302103
11301230
11301221
11301212
11301203
11301122
11233100
11230211
11230130
11230121
11230112
11230103
11221211
11221130
11221121
11221112
11221103
11212211
11212130
11212121
11212112
11212103
11211230
11211221
11211212
11211203
11211122
11203211
11203130
11203121
11203112
11203103
11200133
11133200
11130230
11130221
11130212
11130203
11130122
11122211
11122130
11122121
11122112
11122103
11121230
11121221
11121212
11121203
11121122
11112230
11112221
11112212
11112203
11112122
11111222
11103230
11103221
11103212
11103203
11103122
11100233
11032211
11032130
11032121
11032112
11032103
11031230
11031221
11031212
11031203
11031122
11023211
11023130
11023121
11023112
11023103
11020133
11013230
11013221
11013212
11013203
11013122
11010233
11002133
11001233
10333100
10330211
10330130
10330121
10330112
10330103
10321211
10321130
10321121
10321112
10321103
10312211
10312130
10312121
10312112
10312103
10311230
10311221
10311212
10311203
10311122
10303211
10303130
10303121
10303112
10303103
10300133
10231211
10231130
10231121
10231112
10231103
10213211
10213130
10213121
10213112
10213103
10210133
10201133
10132211
10132130
10132121
10132112
10132103
10131230
10131221
10131212
10131203
10131122
10123211
10123130
10123121
10123112
10123103
10120133
10113230
10113221
10113212
10113203
10113122
10110233
10102133
10101233
10033211
10033130
10033121
10033112
10033103
10030133
10021133
10012133
10011233
10003133
03331010
03331001
03313010
03313001
03310310
03310301
03310031
03310013
03301310
03301301
03301031
03301013
03133010
03133001
03130310
03130301
03130031
03130013
03121310
03121301
03121031
03121013
03112310
03112301
03112031
03112013
03111320
03111302
03111032
03111023
03103310
03103301
03103031
03103013
03100331
03100313
03031310
03031301
03031031
03031013
03013310
03013301
03013031
03013013
03010331
03010313
03001331
03001313
01333010
01333001
01330310
01330301
01330031
01330013
01321310
01321301
01321031
01321013
01312310
01312301
01312031
01312013
01311320
01311302
01311032
01311023
01303310
01303301
01303031
01303013
01300331
01300313
01231310
01231301
01231031
01231013
01213310
01213301
01213031
01213013
01210331
01210313
01201331
01201313
01132310
01132301
01132031
01132013
01131320
01131302
01131032
01131023
01123310
01123301
01123031
01123013
01120331
01120313
01113320
01113302
01113032
01113023
01110332
01110323
01102331
01102313
01101332
01101323
01033310
01033301
01033031
01033013
01030331
01030313
01021331
01021313
01012331
01012313
01011332
01011323
01003331
01003313
00331310
00331301
00331031
00331013
00313310
00313301
00313031
00313013
00310331
00310313
00301331
00301313
00133310
00133301
00133031
00133013
00130331
00130313
00121331
00121313
00112331
00112313
00111332
00111323
00103331
00103313
00031331
00031313
00013331
00013313
