 4 compact or full orbital order
 (3d25.12)
                    99
      -0.155868289848D+02       0.200000000000D+01
      -0.112842341605D+02       0.200000000000D+01
      -0.112653630834D+02       0.200000000000D+01
      -0.112556424303D+02       0.200000000000D+01
      -0.128429318838D+01       0.200000000000D+01
      -0.109867995713D+01       0.200000000000D+01
      -0.845113442045D+00       0.200000000000D+01
      -0.700244668748D+00       0.200000000000D+01
      -0.592562653549D+00       0.200000000000D+01
      -0.498445942942D+00       0.200000000000D+01
      -0.157673240794D+00       0.100034988327D+01
       0.186095131535D+00       0.000000000000D+00
       0.244478366328D+00       0.000000000000D+00
       0.389153004012D+00       0.000000000000D+00
       0.457942996797D+00       0.000000000000D+00
       0.572360721629D+00       0.000000000000D+00
       0.640955145091D+00       0.000000000000D+00
       0.720044404696D+00       0.000000000000D+00
       0.727761767427D+00       0.000000000000D+00
       0.782397345070D+00       0.000000000000D+00
       0.842658428898D+00       0.000000000000D+00
       0.956442518770D+00       0.000000000000D+00
       0.988207859895D+00       0.000000000000D+00
       0.107237007097D+01       0.000000000000D+00
       0.114390895176D+01       0.000000000000D+00
       0.129524452229D+01       0.000000000000D+00
       0.137063921799D+01       0.000000000000D+00
       0.152189041353D+01       0.000000000000D+00
       0.171209867764D+01       0.000000000000D+00
       0.178944598125D+01       0.000000000000D+00
       0.189580952257D+01       0.000000000000D+00
       0.195286722999D+01       0.000000000000D+00
       0.213801255909D+01       0.000000000000D+00
       0.219174681900D+01       0.000000000000D+00
       0.226951035179D+01       0.000000000000D+00
       0.256284280148D+01       0.000000000000D+00
       0.271314262955D+01       0.000000000000D+00
       0.275704634231D+01       0.000000000000D+00
       0.285323000076D+01       0.000000000000D+00
       0.320360791478D+01       0.000000000000D+00
       0.367553048147D+01       0.000000000000D+00
      -0.540713836160D+00       0.195741368979D+01
      -0.394088567129D+00       0.190089013519D+01
       0.143389985962D+00       0.103410482097D+00
       0.406064699889D+00       0.401471041902D-01
       0.653595406998D+00       0.000000000000D+00
       0.714645797975D+00       0.000000000000D+00
       0.780289163505D+00       0.000000000000D+00
       0.106240930792D+01       0.000000000000D+00
       0.111559594644D+01       0.000000000000D+00
       0.132990270833D+01       0.000000000000D+00
       0.142587344618D+01       0.000000000000D+00
       0.173591144088D+01       0.000000000000D+00
       0.192434901715D+01       0.000000000000D+00
       0.205047911253D+01       0.000000000000D+00
       0.235787036960D+01       0.000000000000D+00
       0.257286479210D+01       0.000000000000D+00
      -0.112842493660D+02       0.200000000000D+01
      -0.112557192907D+02       0.200000000000D+01
      -0.101931080400D+01       0.200000000000D+01
      -0.837750745188D+00       0.200000000000D+01
      -0.664283227362D+00       0.200000000000D+01
      -0.572129876493D+00       0.200000000000D+01
      -0.130094845907D+00       0.999651862796D+00
       0.222083902213D+00       0.000000000000D+00
       0.408266689461D+00       0.000000000000D+00
       0.484660471127D+00       0.000000000000D+00
       0.578644372976D+00       0.000000000000D+00
       0.672065410704D+00       0.000000000000D+00
       0.709196242858D+00       0.000000000000D+00
       0.752262795970D+00       0.000000000000D+00
       0.857816005260D+00       0.000000000000D+00
       0.997834813471D+00       0.000000000000D+00
       0.108196197344D+01       0.000000000000D+00
       0.121310503889D+01       0.000000000000D+00
       0.133473825142D+01       0.000000000000D+00
       0.137225928253D+01       0.000000000000D+00
       0.176170365680D+01       0.000000000000D+00
       0.182160448999D+01       0.000000000000D+00
       0.197756809051D+01       0.000000000000D+00
       0.203277274110D+01       0.000000000000D+00
       0.211377385059D+01       0.000000000000D+00
       0.219418243778D+01       0.000000000000D+00
       0.229747879743D+01       0.000000000000D+00
       0.270348750881D+01       0.000000000000D+00
       0.296207756029D+01       0.000000000000D+00
       0.303955060863D+01       0.000000000000D+00
       0.318809834209D+01       0.000000000000D+00
      -0.339363871091D+00       0.188330756623D+01
       0.152040954992D+00       0.114829276437D+00
       0.710531056897D+00       0.000000000000D+00
       0.774917617214D+00       0.000000000000D+00
       0.116024125281D+01       0.000000000000D+00
       0.125562414747D+01       0.000000000000D+00
       0.147639039517D+01       0.000000000000D+00
       0.181049638788D+01       0.000000000000D+00
       0.213213054985D+01       0.000000000000D+00
       0.220692645095D+01       0.000000000000D+00
       0.280828160668D+01       0.000000000000D+00
